uf50-0123 143016 1 2 -3 4 5 -6 -7 8 9 10 11 -12 13 -14 15 -16 -17 -18 -19 -20 21 22 23 24 25 26 -27 28 29 30 31 32 -33 -34 -35 -36 37 38 39 40 -41 42 43 -44 45 46 47 -48 -49 50 0
uf50-012 162987 1 2 3 4 5 -6 -7 -8 9 -10 11 12 13 -14 15 16 17 -18 19 20 21 22 23 24 -25 -26 -27 -28 29 30 31 32 33 34 35 -36 37 38 -39 40 -41 42 -43 -44 45 46 47 48 49 50 0
uf50-0133 157990 1 -2 -3 4 5 -6 7 8 9 -10 11 12 13 -14 15 16 17 18 19 -20 21 22 23 -24 -25 26 27 28 -29 -30 -31 32 -33 34 35 36 37 38 39 -40 -41 42 43 -44 45 46 -47 48 -49 50 0
uf50-0139 176272 -1 -2 3 4 -5 6 7 8 9 10 -11 12 13 14 15 -16 -17 18 -19 20 -21 22 23 24 -25 26 27 28 -29 30 31 32 33 34 35 36 37 -38 39 -40 41 42 43 44 45 46 47 48 49 50 0
uf50-0241 62857 1 2 3 4 -5 -6 -7 8 -9 10 11 12 13 14 15 16 17 18 19 -20 -21 -22 -23 -24 25 26 27 28 29 30 -31 32 33 34 35 -36 37 38 39 -40 41 -42 43 44 -45 46 47 48 49 -50 0
uf50-024 64688 1 2 3 4 5 -6 7 8 -9 -10 11 12 13 14 15 -16 17 18 19 20 21 -22 -23 24 25 26 27 28 29 30 31 32 -33 34 -35 36 37 38 -39 -40 -41 42 43 44 -45 46 47 -48 -49 50 0
uf50-0274 65615 1 -2 3 -4 5 6 -7 8 -9 10 -11 12 -13 14 15 16 17 18 19 20 -21 -22 23 24 25 26 27 28 -29 30 -31 32 33 -34 35 36 37 -38 -39 40 41 42 43 44 45 46 -47 48 49 50 0
uf50-0369 50999 1 -2 3 4 -5 6 7 8 9 10 11 -12 -13 -14 -15 -16 17 18 -19 -20 21 -22 23 24 25 26 -27 -28 29 -30 31 32 33 -34 -35 -36 -37 -38 39 40 41 42 43 44 45 46 -47 48 -49 -50 0
uf50-036 60527 1 2 3 -4 5 6 -7 8 -9 10 -11 12 13 14 15 16 -17 18 19 -20 21 22 23 24 -25 26 -27 -28 29 30 31 -32 -33 34 35 36 -37 38 39 40 -41 42 43 44 45 46 -47 48 -49 -50 0
uf50-0405 60852 1 2 3 -4 5 -6 -7 -8 9 10 -11 12 13 14 15 16 -17 18 19 -20 21 22 23 24 -25 -26 27 28 -29 30 31 32 33 34 35 36 37 -38 39 -40 -41 42 -43 44 -45 46 47 48 49 -50 0
uf50-0414 73469 -1 2 3 -4 -5 -6 -7 8 9 10 11 12 13 14 15 16 17 18 19 20 21 22 23 -24 25 26 27 -28 -29 30 31 32 33 34 35 -36 37 38 39 40 41 42 43 44 45 46 -47 48 49 50 0
uf50-0430 53508 1 -2 -3 4 -5 6 -7 -8 9 10 -11 12 13 14 15 -16 17 18 -19 -20 21 22 23 24 25 26 27 28 29 -30 -31 32 -33 34 35 -36 -37 -38 -39 -40 -41 42 43 44 45 -46 47 48 49 -50 0
uf50-0434 40325 -1 -2 3 -4 5 6 7 -8 9 -10 11 -12 13 14 15 16 -17 -18 -19 20 21 -22 23 -24 25 -26 -27 -28 29 30 31 32 -33 34 -35 -36 -37 -38 39 40 -41 -42 43 44 45 46 -47 -48 49 -50 0
uf50-0441 235029 1 -2 -3 4 -5 -6 7 8 -9 -10 11 -12 13 14 15 -16 17 18 19 20 21 22 23 24 25 26 -27 28 29 -30 31 -32 -33 -34 35 -36 37 38 39 -40 41 -42 43 44 45 46 47 -48 -49 50 0
uf50-0452 263657 -1 2 3 4 -5 6 7 8 9 10 -11 12 -13 14 15 16 17 -18 19 20 21 -22 23 -24 25 26 27 28 29 30 -31 32 33 34 -35 36 -37 -38 -39 -40 41 42 43 -44 45 -46 47 48 -49 50 0
uf50-0470 246366 -1 2 -3 -4 5 -6 -7 8 9 10 11 12 -13 -14 -15 -16 17 18 19 -20 21 22 -23 -24 25 -26 27 -28 29 30 -31 32 -33 34 -35 36 -37 38 39 40 41 -42 43 44 45 46 47 48 49 50 0
uf50-0485 241053 1 -2 -3 4 5 -6 -7 8 -9 -10 11 12 13 14 -15 -16 17 18 19 20 -21 22 23 24 25 -26 -27 28 29 30 31 32 33 -34 35 36 -37 38 39 40 41 42 -43 44 45 -46 47 -48 -49 -50 0
uf50-0613 271861 -1 -2 3 4 -5 6 -7 8 9 10 11 12 -13 14 15 -16 17 18 19 20 21 22 -23 -24 25 26 27 28 29 30 31 -32 -33 34 35 -36 37 -38 39 -40 -41 -42 43 44 45 46 47 48 49 50 0
uf50-0620 273389 1 2 3 4 5 6 -7 8 -9 -10 11 12 -13 14 -15 -16 -17 18 -19 20 21 -22 23 24 25 26 27 -28 29 30 31 -32 33 34 35 36 37 38 -39 40 41 42 -43 44 -45 46 47 48 -49 -50 0
uf50-0642 266209 -1 2 3 4 5 6 -7 -8 9 -10 11 12 13 14 15 -16 17 18 19 20 21 22 -23 24 -25 -26 27 28 29 30 31 -32 33 34 35 36 37 -38 39 40 -41 42 -43 -44 45 -46 47 -48 49 -50 0
uf50-0655 270652 -1 -2 -3 -4 5 6 7 8 9 -10 11 12 13 14 15 16 17 -18 -19 -20 21 22 23 24 -25 26 27 -28 -29 30 31 32 33 -34 35 36 37 38 39 40 41 42 43 44 -45 -46 -47 48 49 -50 0
uf50-0665 281207 -1 -2 3 -4 5 6 7 -8 -9 10 11 12 13 14 15 -16 17 18 19 20 21 -22 -23 24 25 26 -27 28 29 -30 31 32 33 34 35 -36 37 38 39 -40 41 42 -43 44 45 46 47 48 49 -50 0
uf50-0672 332318 1 2 3 4 5 6 7 -8 9 -10 11 12 13 14 15 -16 17 18 -19 -20 21 22 23 24 -25 26 27 28 29 30 -31 32 33 34 35 36 -37 -38 39 -40 41 42 -43 44 45 46 47 48 49 50 0
uf50-0768 126117 -1 2 -3 4 -5 6 7 -8 9 10 -11 -12 13 -14 -15 -16 17 -18 19 -20 21 22 23 -24 -25 -26 27 28 -29 30 31 -32 -33 34 -35 36 37 38 -39 -40 41 42 43 -44 45 -46 47 48 -49 50 0
uf50-0821 161708 -1 -2 -3 4 -5 6 7 8 9 -10 11 -12 13 14 -15 16 -17 -18 19 20 -21 -22 23 24 25 26 27 28 29 -30 -31 -32 33 -34 35 36 -37 38 39 40 41 42 43 44 45 -46 47 48 49 50 0
uf50-0832 176374 -1 -2 3 4 5 6 -7 8 9 10 -11 12 13 -14 15 16 17 18 19 20 -21 -22 23 24 25 -26 27 28 29 30 31 32 33 -34 35 36 37 -38 39 -40 41 -42 43 44 45 46 47 48 49 50 0
uf50-0863 142429 1 -2 -3 -4 5 -6 7 8 9 10 11 12 13 14 15 16 -17 18 19 -20 -21 22 -23 -24 25 26 27 -28 29 30 -31 32 33 34 35 36 37 38 39 40 -41 -42 -43 44 -45 -46 47 48 -49 -50 0
uf50-0879 173849 1 2 3 -4 5 6 -7 8 9 10 -11 12 -13 14 -15 16 17 18 19 20 21 -22 -23 24 25 -26 -27 28 29 30 31 -32 33 34 35 -36 37 -38 39 40 41 -42 43 -44 -45 46 47 48 49 50 0
uf50-0882 206340 -1 2 -3 4 -5 -6 7 -8 9 10 11 -12 13 14 15 16 17 18 19 20 21 22 23 24 25 26 27 28 -29 30 -31 32 33 34 -35 36 37 38 39 40 -41 -42 43 44 45 46 47 48 49 50 0
uf50-0897 175569 -1 2 3 -4 5 6 -7 -8 9 10 -11 -12 -13 14 15 16 -17 18 19 20 21 -22 23 24 25 26 -27 28 29 30 -31 32 -33 34 -35 36 37 38 39 40 41 -42 -43 44 45 46 47 48 49 50 0
uf50-0920 202456 1 2 -3 4 5 -6 7 8 -9 -10 -11 12 13 14 -15 16 17 -18 -19 20 21 22 23 24 25 26 27 28 29 30 31 -32 -33 34 35 36 37 38 39 40 -41 42 43 44 -45 46 47 48 49 50 0
uf50-0954 161925 1 2 -3 4 -5 -6 7 8 9 10 11 -12 -13 14 15 16 17 -18 -19 20 -21 22 -23 24 25 26 27 -28 29 30 31 32 33 34 -35 36 37 -38 39 40 -41 -42 -43 44 45 46 -47 48 49 50 0
uf50-0957 163923 -1 -2 3 -4 5 6 7 8 -9 10 11 12 -13 -14 -15 -16 17 18 -19 20 21 22 23 24 25 -26 27 28 -29 -30 31 32 -33 -34 35 36 37 38 39 40 41 42 43 -44 45 -46 47 -48 49 50 0
uf50-0987 331539 -1 2 -3 4 -5 6 -7 8 9 -10 -11 -12 13 14 15 -16 17 -18 19 -20 21 22 23 24 25 26 27 -28 29 30 31 32 -33 -34 35 36 -37 38 -39 40 41 -42 43 -44 45 46 47 48 49 50 0
