12
16
4
8
22
6
15
9
20
8
11
16
15
12
7
8
4
10
21
15
7
8
10
21
11
18
13
8
27
11
19
24
6
18
11
16
4
12
24
21
8
10
14
27
10
11
39
9
4
10
4
11
19
10
20
36
20
7
39
27
4
13
16
15
15
7
31
20
4
11
9
33
8
4
21
19
10
28
12
7
7
24
4
7
10
10
16
8
10
15
11
28
8
13
19
24
13
15
13
8
32
20
8
18
10
16
9
27
18
8
27
7
18
20
10
20
20
4
10
9
10
21
24
6
30
4
13
7
14
24
16
20
19
16
15
22
11
15
8
15
10
10
27
4
4
18
24
12
11
16
24
11
19
22
16
15
32
24
14
15
8
4
11
13
16
7
16
10
10
18
11
7
11
8
20
14
4
22
20
16
46
10
4
24
15
19
27
7
27
15
25
23
12
8
24
15
28
20
15
13
4
7
25
4
15
35
4
20
11
8
7
4
20
12
4
4
11
7
7
12
11
11
18
7
16
8
8
15
8
12
20
10
10
19
15
6
7
11
21
7
15
27
24
7
19
19
11
17
9
7
4
32
10
8
4
37
11
15
9
18
16
10
20
8
32
15
18
30
24
8
10
10
9
26
31
9
11
12
18
25
12
7
20
4
23
20
15
16
10
8
8
24
25
15
8
9
16
20
10
4
10
6
12
11
20
7
20
16
16
13
12
12
5
15
10
8
33
7
10
17
23
4
24
15
21
20
10
27
16
29
20
18
17
9
39
30
11
36
11
15
16
14
32
39
23
30
24
4
10
10
15
12
47
10
18
15
22
9
8
15
11
4
7
15
23
11
7
19
20
7
21
15
27
32
4
19
11
11
16
18
4
15
6
11
24
16
12
12
16
15
29
22
20
20
4
8
7
27
22
16
12
24
5
17
20
11
6
9
7
24
27
22
14
10
4
19
22
8
10
27
38
19
22
35
10
6
23
4
35
11
10
27
17
24
12
32
10
17
4
20
32
26
24
10
15
13
20
15
18
11
8
18
29
10
21
31
10
20
7
24
11
20
10
12
12
8
10
31
23
5
11
12
8
35
24
8
4
22
14
29
20
8
36
8
8
8
23
19
4
12
18
11
15
9
22
13
18
8
8
10
