6
1
0
1
22
2
15
9
1
1
1
2
15
1
7
1
0
10
21
3
1
8
10
21
11
18
1
4
1
11
19
24
6
4
11
1
0
12
2
7
8
2
14
27
10
2
39
2
0
10
0
2
1
1
20
36
3
7
39
11
0
13
16
15
15
1
31
2
0
11
1
11
1
0
21
1
10
28
3
3
7
8
0
7
10
10
16
8
10
2
11
28
8
13
2
2
13
6
13
4
4
2
4
18
10
16
9
1
1
8
18
7
18
12
10
20
20
0
10
9
1
7
24
1
2
0
13
7
8
24
16
20
1
1
15
4
11
6
3
15
1
2
8
0
0
11
24
12
11
1
24
11
1
2
16
8
32
2
1
15
1
0
11
13
1
7
16
10
3
18
11
7
11
4
1
14
0
22
20
16
2
10
0
24
8
1
27
7
2
15
25
23
1
8
24
4
28
2
8
8
0
7
2
0
1
12
0
20
11
8
1
0
16
1
0
0
11
7
7
2
11
4
18
2
16
8
8
1
2
12
2
1
10
3
2
6
1
4
21
3
15
27
24
7
2
19
11
17
4
1
0
2
10
8
0
37
2
3
1
18
16
10
20
8
32
15
18
2
24
8
3
4
3
1
4
9
1
12
18
2
12
7
2
0
3
20
15
16
3
8
4
24
25
15
3
1
3
3
2
0
2
2
12
2
20
1
1
16
1
13
2
12
5
15
2
1
3
2
10
1
1
0
24
2
21
3
10
27
16
20
20
3
1
1
39
1
11
16
4
15
2
8
32
7
4
30
1
0
2
4
15
1
1
10
1
8
22
9
1
8
4
0
7
11
14
4
7
19
2
7
21
3
27
32
0
3
7
2
1
7
0
15
6
11
24
10
8
1
1
2
7
3
3
20
0
8
2
20
16
16
2
24
5
12
20
1
1
2
3
24
3
22
1
2
0
12
2
8
3
27
12
19
22
3
3
2
23
0
35
2
2
3
12
24
12
11
1
17
0
11
2
1
24
10
15
3
20
1
1
3
8
18
29
1
4
31
1
1
3
3
11
2
4
12
1
4
1
31
23
5
11
2
3
35
16
8
0
1
6
29
1
8
16
8
3
4
8
19
0
3
18
11
0
1
22
13
3
4
2
10
