4
4
4
9
147
1
294
1898
1
4
14
5
1754
3
320
10
2
766
1776
9
1
916
972
1468
952
1382
2
10
1
96
133
240
188
903
1219
1
84
623
5
346
318
1
734
645
1212
7
292
1
168
541
183
8
3
2
819
106
3
93
562
7
0
763
1939
258
315
4
1091
4
100
336
1
8
3
1274
1729
3
1209
270
5
3
98
4
5
1660
1034
159
802
331
985
30
667
412
502
251
2
8
463
10
387
1
13
3
3
793
912
2271
229
4
2
316
389
182
227
20
68
1405
326
7
115
2337
1
72
668
3
3
101
438
506
27
1030
106
688
10
3
403
16
495
10
3
363
2
6
3
203
1509
9
226
891
565
2
134
222
3
17
380
5
1214
3
2
47
74
3
957
388
7
398
315
77
672
245
2857
95
20
7
3
1856
1075
738
1787
387
3
334
4
572
634
1
2106
3431
3
98
87
56
2
258
266
40
55
3
4
7
4
30
3
79
4
6
211
215
1250
760
0
3
410
4
800
1334
1167
191
29
7
594
8
20
3
962
66
40
1
39
1384
8
2
1563
9
5
86
4
48
178
1
1105
1721
390
716
3
466
1396
28
7
3
35
2
90
353
144
322
5
161
2
540
47
904
410
549
801
149
849
13
1115
335
303
40
114
7
7
257
4
1051
142
7
97
106
3
305
833
58
56
237
40
1442
4
407
1390
136
152
3
1
6
4
45
46
0
861
8
183
8
7
866
2
52
7
55
1606
57
2
3
16
6
1123
5
3
292
1300
6
1217
8
410
378
481
9
2070
105
1
0
623
1
1336
7
7
593
7
284
178
3
5
2082
8
2260
129
385
94
1
2
142
3
20
1422
3134
3
84
1
200
87
19
5
415
77
118
3
212
805
25
180
563
8
4
2
136
5
6
6
1288
765
87
2983
10
36
2
2
0
35
5
2
1920
186
563
5
327
9
980
4
89
325
7
122
2
7
1
123
297
5
497
4
4
1709
10
0
692
19
1433
40
1458
0
30
466
1
191
1
1397
5
6
7
5
509
55
5
4
732
4
4
5
1
2035
1241
671
7
142
4
3
15
267
272
40
4
4
1747
1
1
1
4
327
4
6
1652
1
8
2
574
66
719
525
8
1
403
8
599
8
4
2
185
1
129
0
1635
1
7
46
686
6
83
146
752
0
4
96
1284
122
1
5
67
