8
1
8
52827
765364
2
174552
4418540
4
19
11
10
313316
5
229609
5
2
3096821
1319
22
10
21757
4334
3546077
1780902
1674
2
6
3
605181
4926706
4352031
1152946
405306
7965495
11
44
808
4
151
3686289
28
5925
3539618
8388752
14
11177
1
2205680
4239864
43
5630
4
2
3172858
9961707
11
5453124
6551287
54
8
956108
11400
4960791
15953991
9
7231604
3
18768125
3073366
1
1374
15
2175890
403
5
1563
6159
7
8
5425535
13
11
1840
8071
1521
39706
32441
534252
21
97197
32008
349868
1248974
11
10
87333
207
6921559
4
1828
1
101
3852017
5488702
4002007
9046
11
2
3300782
1758
6156
985
18
227433
4023593
14414
10
36714
934
2
44797
21182
5
6
623964
5984856
6997583
37
10912583
5729
17324056
41
8
12335101
14
3180240
13
6
12075
3
17
7
64
1271
12
12055260
56180
4370809
4
381
3344
2
14
12063
21
148
7
3
5436872
1219
9
3638
12266
12
7657
14298
27251
86
10016102
525057
1039673
8327767
5
12
74372
756
551415
1931531
45183
3
154
6
1772617
5433215
5
3467898
436310
6
612082
148254
1868
1
1452
61448
504
23139677
11
8
19
8
216
9
2558541
10
58
2340
13248899
30349
6726823
4
6
1217869
8
6472921
8082
12183696
1706821
5782607
57489
8014779
3469
13897
6
14207253
623
80950
2
873
765
12
6
6031466
20
57
729
10
12049
107072
3
579331
4618
2819
4506983
3
4102261
14395
1172
17
2
7503826
8
204784
39422
978274
934858
13
36
5
13531
231333
5113
440
1456053
11855355
1453284
61825
14
14291
3761525
66
20
148
9
11
3116530
6
684808
3552013
6
2484454
8319336
12
24530
84
110
5207
2067
97127
12002420
7
1384606
92820
453732
186
8
11
5
12
19
6
15193
5669161
10
3278541
17
13
37866
3
713
10
530
66525
11867639
17
4
13
41
19078
6
7
394528
743121
12
3293519
13
470
60875
3417419
13682
853880
17
1
3
3208
8
1254
19
12
512545
12
21
1107363
4
58
183622
2
788
9
101458
1742
3
6
1559370
9
74467
5325396
20696
2
969
4
76720
55664
14
21
5119
412662
10518
4
2283755
11383115
210
4697915
3207505
18530
10
8
737
12
39852
74
14226744
3878517
8249
906414
2774858
13
3
2
5
12034
6
4
11847239
1012333
4538183
13
13
14
1039789
20
17882
3206292
17
713
6
13
5
21
6618337
11
5463
15
13
3175718
293
11
4550008
15
35582
784
14225905
16969847
153
110479
1
693289
1
2146226
11
57
785
15
58704
1488003
22
8
1583169
59
13
4
1
856860
16579
4519706
13
1210705
8
7
11
359014
219694
3978486
6
35
110
3
4
2
11
3800761
15
19
5022961
1
30
9
7015
7428
7094360
12093
101
1
5633819
21
9216220
17
8
3
6805490
3
5626301
16
594077
1
13
311
1740696
14
12
10369
69466
1
12
788333
67947
695313
6
3
417988
