9
1
4
23
141181
3
23414
72892
2
16
12
15
982
6
3963750
8
2
11620031
67832451
163884
6
29474143
755543
71239745
14992881
191932
1
1
1
59519481
342866
77164473
105806952
19934055
26296763
7
146
3520668
6
120
49302
4
350
46994127
49
17
11436494
1
748
11228237
36799
13
8
2
56964751
21495
9
409878
8653635
10
13
1232
38630156
226078
857753
9
48701015
4
11947912
1244471
3
49
11
803
158528
6
68269800
24213135
58
9
122091
8282
13
151871
43747522
4225
214516
14961072
25361935
2
11753996
24172
22214170
1124223
6
9
1896
64548
13521870
6
197
2
40
9533
83865
31289013
4415770
9
34
12345334
289
9059074
22863022
3387554
2280
52772111
248432
3424
5749
502568
2
50122
158734
8
7
1075199
31104970
77444362
3340440
5752044
555436
22499050
18171
8
519
19
79501171
15
7
6762785
7
8
5
475171
504020
239
68320463
39132
1004
5
9846
2163517
3
20
142311678
13
46629709
63
4
40957069
20
9
13892573
1717
9
21828
6127224
16879570
756
67263820
58372007
52297172
7694
13
9
1049568
492
11212549
50
20511003
2
1397352
8
42023077
147
5
6102048
55171827
7
40893423
41436854
80006090
5
341050
66007475
10661
382766
7
47
236
8
2219896
6
22796415
12
681
874749
1070777
1184641
23439969
5
3
1688
9
17676914
40925686
711
54673329
29132
19197275
44586520
1057
9972
5
5704170
7517061
376
1
10359
110382663
8
5
82401756
3235
16
89673
11
8808
31126
2
8860
39881437
549919
19750917
7
30458152
6177658
24564803
14
4
30515501
8
1719608
4177384
73880940
2163921
12
48
28
38321769
88237
279055
318139
1583309
11994584
46819311
15665131
14
400
3825
2547112
19
265
95
283
21406685
7
56575835
81253853
9
110566
5602512
33
119081
101092
128300
55459
4390055
1072138
116613772
37
42058390
268
10798723
6748
6
11
7
18
311247
110
3570
52414021
15
117547
14516
14
19295470
6
908053
75
15095816
20203302
1505650
9
3
164
8161
14933
3
5
42186109
391811
13
17853
73
28067102
2617457
51227537
273256
2121255
18
1
2
602379
5
47490970
12
16
2084995
14
103437
16593285
8
318
6691971
8
35600
19
99
173484
3
7
4689692
6
3309312
23122540
15497648
6
5553846
3
448438
3841466
621
566683
13446
128817229
124
8
146714064
13119138
22
4563
2102401
10938857
13
13
3038
21
18
6
3217141
147
325
38163122
875494
16
12
2
12
148
6
7
3310920
9322
540081
74
163400
12882
985316
18
857
29005183
18
320957
5
13
3
1977
15004938
269
17260907
5
241
82684
491
5
9891413
7892
68150555
19
42579229
42161011
3099
4418575
2
463319
1
85086428
14
10
18
16
2451
31252699
97
12
22715581
17
11
6
2
38896945
33899068
21952468
465
762117
33
11
14
393583
24270
3128
3
44
37269815
3
3
2
14
63379239
17
24
15120477
1
10
0
90349826
350
8435
25245899
15
1
2593914
24
3850
18
138
8
66259125
5
91393
17
37003919
1
69
1780610
201707
19
15
494592
2474370
1
10
47710
35227
11991099
3
8
1427
