5
1
6
163
152
1
2936
121
5
7
2
23
10559
3
60
6
2
21694
106
379
10
44552
46351
13469
43405
14203
1
4
1
776
5707
7880
0
11102
59863
3
6474
1123
1
1018
635
1
136
33429
48177
10
451
1
104348
13679
2100
44
3
3
10277
23010
6
153
29
6
4
120
9472
23751
64114
6
31986
1
33326
28209
2
8
117
8628
4380
7
447
381
8
10
7527
10
9
1632
1658
731
23780
287
3540
13
3515
423
2749
56989
4
4
2517
1817
18962
2
8
2
6
9550
18422
14190
164
9
2
12807
7387
4566
26699
58
266
78702
9677
10
7448
28801
2
0
224
5
2
77602
151
7242
4683
43383
3557
17444
6
7
4994
9
302
9
5
563
2
9
3
13086
54558
8
20528
553
25952
5
45
21906
1
13
600
12
3324
8
4
5575
15
3
3495
25083
8
8747
6339
86
1372
28958
1499
360
2517
6
5
59412
2703
2157
6979
57233
2
62939
18
83853
1524
3
16987
931
4
206
108207
12946
2
423
15707
10760
3556
3
7
13
4
11342
7
1160
7
425
15500
8652
16373
320
2
2
223
6
22418
24367
20950
4357
39514
1563
310
29
29856
7
846
781
1785
3
15
88
29
5
18713
2174
7
1191
10
59
45
1
321
75
61907
25013
3
51673
36754
515
7
2
2452
4
461
11827
104957
4825
5
12
6
3492
1414
85
64442
8841
23326
573
8044
5
8973
120
90
12
44
43
6
331
4
18289
6564
5
991
46899
8
25361
73
1370
59958
1691
116
7303
14
532
20817
4842
14
34
9
7
11
225
3
36
0
6
376
13
9
498
3
15782
8
26302
9982
1131
5
8
72
10
4587
2
8
452
34201
6
31062
205
121100
377
22442
697
29814
153
2
2
651
3
32422
9
8
11202
2
983
540
5
4
3470
6
2065
7
15
104360
4
3
73634
4
143
74
3022
2
102
2
27840
11859
12
248
694
1582
22708
3
19383
1107
13
446
34235
129
7
14
12
10
1757
4
29515
5432
1796
5161
2177
9
30
3
8
7
4
5
14371
66577
15537
7
1240
14
88767
11
276
81
54
21208
2
8
8
1099
122
73
696
3
40
54244
12
5
8016
3444
61440
13
56362
6905
14
3595
1
73629
1
57093
5
8
8
13
32932
38253
10
8
773
39
8
4
1
297
6202
1231
161
1476
4
1
10
24494
9189
71231
1
7
55641
4
1
1
8
6000
10
72
690
1
25
8
135
13120
83547
8821
10
1
489
134
35102
265
15
5
906
22
68159
299
44360
1
4
10
70722
7
9
73757
2670
1
42
359
134052
30
1
4
387
