8
1
5
2563
259532
1
716
1168465
7
11
6
10
74193
3
252
4
2
517
1354
19
19
13899
49903
1417558
5258
252
1
1
1
1459
3757
1828403
1409285
2840
805624
12
688
1767
2
696
34046
3
1418553
21411
933195
51
710
2
2961480
44337
5664
34
5
1
1319303
210
4
268667
10513
14
8
486
901487
1617390
584978
7
251
2
539521
412
2
20
11
34332
853
6
17748
24731
8
9
367824
12
7
230044
18911
1313287
2231
21676
268179
8
2214110
668012
1133
36829
8
8
864
981
379672
2
14
2
12
1465
1259154
1081474
5458
9
3
143152
3941
6539
2439673
328358
1991912
14578
37100
10
459
584
1
268
2616725
2
5
65135
522272
1876130
81195
55559
274412
228464
14
8
17552
12
1194856
12
8
50924
2
536
6
18737
24810
10
3889
9962
1979
3
43023
153
1
12
786305
149
1147
98
4
1626767
7
10
652417
17100
19
840015
2654908
38622
1469
1136221
2277
24241
362
4
10
1054797
8725
58
686363
5990
2
584252
4
885
2937
5
235411
1876086
8
2644178
851
1667123
4
507266
3517428
17
37738
5
10
8993
8
8121
3
516
6
15
210
122390
51644
19529
2
3
19
5
180263
1271839
1700508
135854
485956
200
19439
17
497933
4
20176
46095
9075
4
850
700092
29
5
10104
40
38
12717
14
7257
703388
2
1237106
40
1595443
1797181
8
670451
2089
1077
6
2
447500
4
2421
53633
2361644
617117
9
10
4
2905567
22180
3759
38019
211
69812
84099
608
15
41418
1035783
2635
11
19
14
9
4454149
7
684
26574
9
676507
145911
10
1353612
15
4971758
3631461
21833
6238
158963
7
589232
4091
1225772
15
25
10
6
13
135
10
100
2772
3
1303578
3876
11
1995787
4
212
11
1734292
1209552
29675
9
2
1
37
5352
3
8
14740
572119
59
55974
15
90986
710
651171
32835
11470
12
2
3
920479
3
1404985
12
12
49900
8
14
1367
3
12
262813
8
656148
10
861
59
3
5
3761
16
508539
9981
72399
2
4012
3
83837
1280450
13
42529
97
1177480
2263
5
419
4452891
6368
260759
2208294
2594
9
12
649
12
1460
7
887040
209862
696
4801
157
12
5
1
10
293
5
2
1105677
95446
271
13
682742
18
255097
19
11544
311445
16
402894
4
10
3
18
611
277
1961527
2
10
6376
616
10
951
251
3009
34
2469034
601791
38
284
2
696864
1
576672
11
10
11
398
2655380
882995
368
6
790276
14
15
3
1
251
1699958
85535
10
1631692
6
5
11
1687566
152750
1720025
2
73
1577711
5
2
3
1630
35530
15
17
3935955
1
8
8
72107
907
29490
2312201
14
1
381700
7147
1617460
9
8
9
70443
3
1932253
307
1366
1
12
3466
1013792
56
13
189192
321
1
0
118828
479
328
4
5
937063
