40
29
25
40
30
13
20
29
26
20
8
26
25
20
40
12
30
39
30
30
40
12
20
30
25
20
20
21
39
25
13
21
25
16
25
30
25
24
22
25
39
30
21
30
20
13
29
35
30
21
39
21
20
30
20
35
25
25
21
30
25
25
25
40
29
30
13
30
29
25
17
25
33
24
29
29
30
21
30
25
25
39
21
25
29
38
43
21
25
17
21
13
25
48
21
17
30
29
12
12
20
16
40
30
39
44
21
35
39
16
31
25
21
36
25
24
30
20
30
25
30
22
30
17
28
21
33
30
38
29
17
29
25
33
29
20
30
21
30
25
30
25
30
26
21
25
35
29
35
25
21
25
20
26
25
40
16
29
29
21
24
29
25
48
32
29
16
29
12
25
20
26
40
35
26
30
40
12
21
30
30
32
21
21
21
25
17
25
25
26
26
22
30
25
21
36
36
39
21
20
21
36
29
20
35
20
33
25
16
29
16
24
25
17
21
25
35
35
25
21
22
27
25
38
26
13
25
36
30
30
26
18
20
44
39
12
38
29
25
40
29
20
29
12
26
30
21
30
39
25
25
25
21
38
29
29
17
30
44
25
9
36
20
25
33
25
21
25
20
28
16
40
24
20
48
40
30
22
29
33
40
20
16
16
12
13
21
21
25
25
30
30
29
25
16
16
25
25
16
25
21
26
39
20
21
21
32
12
16
21
25
20
29
29
29
13
20
21
5
29
16
35
40
25
29
25
20
36
25
44
30
12
29
30
29
24
30
20
25
21
16
30
40
48
20
30
25
30
21
48
16
40
25
16
26
29
36
29
36
17
25
24
29
25
12
33
30
25
20
22
25
20
21
29
20
13
39
21
30
40
25
25
25
26
15
30
21
21
21
40
26
17
29
25
36
29
25
26
29
21
26
20
35
29
30
20
21
25
13
40
30
30
28
16
25
44
17
24
30
40
25
16
13
30
13
39
30
25
30
48
21
25
21
39
40
29
29
30
25
21
30
20
29
39
30
16
25
13
29
29
43
21
20
29
17
25
13
25
20
13
39
35
25
35
39
30
26
30
20
21
20
20
25
29
25
29
39
40
17
30
30
16
25
28
9
29
40
30
40
38
20
25
16
21
35
26
25
21
25
48
