132835
71099
116777
144630
81194
71486
98864
93670
51063
54190
67080
88599
151362
119408
129402
133628
101602
128667
131550
107836
86158
162313
130219
117829
112582
93095
66551
140074
100622
54723
115281
100081
55030
78302
51893
119822
84913
77151
99559
60586
80569
93536
80679
104388
92259
104927
89747
195806
101838
94565
110367
110138
190323
77958
118433
86442
60747
51173
129404
125064
60625
146912
73284
35460
71207
72597
47095
104357
74563
84700
100754
137480
69274
74845
178978
137768
145951
90053
117729
143583
178851
124402
56768
80509
155362
102111
83631
66450
93314
70389
146253
99260
98133
78432
109753
66211
80382
41202
84026
112893
104332
89811
39825
119090
65387
76187
115347
174149
107914
158089
86462
100519
184515
65012
124395
180206
148538
174819
109785
106629
36612
140690
56459
121826
45851
84768
111790
72729
83562
163053
112454
109905
76238
88603
79181
125751
131155
93070
95966
46529
140003
65683
43414
83545
104627
99893
116749
97160
149293
142242
85856
49944
100577
82530
116621
60183
104511
124917
81043
31825
103125
97038
70139
53332
81886
55961
139297
104962
145275
106012
72611
109422
71552
86870
101131
142501
81998
75160
37102
87069
117125
142569
68010
65022
56446
94406
72714
46299
117637
77508
56975
106478
168917
82546
81288
67732
85465
108051
77852
141278
132505
103247
44952
61133
34310
109605
139721
75272
137665
50323
33505
128376
135869
61311
96333
101470
111325
44527
104069
83275
94092
167739
98359
137558
100462
95963
90305
96397
61802
100046
99505
69070
118968
145393
77109
170787
87034
125653
152767
117585
57056
71782
155225
49666
108786
126297
73135
77596
95317
121715
114215
85821
105910
112716
140526
110280
141745
82567
101462
110235
72986
116400
72892
141293
79037
67191
85951
94238
147171
89990
71185
92306
126846
98999
95281
131358
40836
154370
101492
126310
93275
122435
106711
118784
112407
57787
134715
164291
46022
53114
50255
91829
117810
41642
73937
139759
30946
75325
77589
90798
155848
107407
49993
122900
115635
167672
92350
172564
145108
102533
152156
93573
99398
78176
61714
50106
61774
173970
121986
139491
89304
100568
149551
53513
88978
227936
75606
159794
139183
96215
67322
80385
67260
86270
46889
116975
84089
66121
102066
54245
104071
123724
42482
87454
167639
83822
37959
76966
144561
53520
74995
113436
75580
84145
92881
91819
126141
73846
66800
149593
144715
114017
105366
38967
78271
75894
88607
99783
100763
92677
142044
131059
121329
83763
131784
82776
73664
51219
137273
118114
173068
106603
98067
114424
90149
87905
110271
83005
105630
99052
150782
37519
123917
81873
136341
49013
141270
90258
118892
92981
102929
64096
93900
150698
61452
88339
80919
58464
76657
91963
124244
54635
115507
132439
52328
96005
120319
47310
49166
128066
144624
153737
90774
103373
82093
62617
113890
81434
102281
67439
71633
113734
95227
85422
51999
156980
67225
101577
95802
69966
66236
114650
105733
83762
193645
97793
54363
131325
123174
63333
131955
73751
104493
131536
90725
50566
231788
117739
145341
51357
80345
66559
118597
64086
58796
51896
83916
115077
80227
152949
67276
143586
200181
53100
202309
100723
57168
110009
63506
110399
77869
126360
78485
55684
53570
135174
94620
86357
74445
73273
96974
98313
69555
84784
112828
127750
46767
121620
100915
111508
