14216
17577
17732
17955
19153
18639
17517
19246
19337
19075
18260
17604
19951
20808
17069
16109
16105
18565
16955
17788
16942
16351
17502
17746
18397
20511
15783
19217
20082
18708
17120
15384
19894
18354
16359
16032
19596
18499
15114
18247
18615
19768
15525
19200
17643
19624
17692
18581
18111
20257
17120
17627
19893
15322
19300
19280
15743
20055
18219
18544
16941
19086
17580
16315
19217
17210
16847
17607
14952
19274
17500
16034
18663
20118
19147
14031
19763
16363
16378
18280
17292
18709
18914
16351
20814
17089
17501
17373
16146
16123
18078
19459
16488
17105
17243
16188
15212
19277
18137
18640
18950
17638
18760
18762
18306
18372
16545
18053
14741
16221
15863
18426
18329
16671
19527
17766
17900
17511
17642
19730
15045
18111
19040
16878
17393
19067
14112
17438
16212
17622
21580
17126
19196
16734
17896
18404
17428
16080
18581
18917
18796
19065
17367
16426
17805
18139
16843
19708
21110
18316
18466
17295
16173
15601
18024
17278
17085
17007
18284
21400
14823
15507
16637
19424
15437
20274
16532
22195
20135
19925
19811
17848
15920
15812
16373
15533
20886
19684
19591
20081
19375
18840
18233
18526
16423
18284
18480
20115
18340
16969
17216
21368
18008
17106
17592
19010
16314
18679
16124
16010
16996
15626
17201
18588
18342
17992
16914
15791
14603
18680
17414
15867
16851
19258
19209
19535
15748
17848
17758
15444
15488
19793
16778
18390
19193
21471
16301
14068
20092
17144
16791
18305
16398
18938
17848
17581
17997
19256
20062
19443
16113
21998
18533
13595
16436
19804
19665
15263
19640
19263
15304
17895
16109
16287
20382
16875
17528
17704
18602
16969
18876
14071
16993
18647
18694
17911
20259
16692
15868
18511
15521
19447
14621
15094
18907
16606
20500
19071
18064
16454
17889
18715
18152
15433
18627
15977
15728
15486
15808
18258
17687
15845
19085
17122
19055
20099
15926
15674
15274
20374
16760
15854
16162
18590
15326
18514
16553
13566
17367
18258
20618
18404
17171
18721
19293
20898
19011
17646
16947
17251
15843
14958
18124
19360
15086
20633
19271
18587
16077
18685
20387
17603
19194
16423
16196
16833
17797
19145
19213
16073
14470
16580
19905
17006
19084
17737
17189
15501
16407
16280
15403
17178
19833
16588
16867
16316
16482
16097
18517
15455
18742
15342
19579
17980
16576
18389
17828
17271
16524
15806
18797
18066
15574
16215
18820
19768
19066
17241
14353
15495
20004
16633
16279
19007
18852
17309
18775
18579
18394
16618
17102
17964
16996
22877
17911
17380
17474
18122
18625
18009
18273
19037
19802
18249
17036
15847
18671
17386
16289
17288
18779
17766
20241
15480
16964
20278
17929
17088
12828
18842
14799
18386
17972
15423
19706
16518
16197
16805
20402
18478
15824
20205
16023
20864
20115
20847
18071
17446
16055
17645
16225
17792
16717
15035
16361
17940
19186
17759
19256
17634
18030
18982
17879
15156
19362
18519
17409
17224
19340
18126
18342
15474
19064
17623
18091
16775
18765
16516
18728
18041
17053
16647
16688
15729
17349
15527
18664
17716
19441
16421
19372
20018
20199
17242
19986
15070
18386
17649
17324
18034
18885
17692
17716
19320
19155
18454
17742
19442
18101
18067
