790
12
254
178
81194
15
98864
93670
252
155
101
13
151362
12
129402
117
12
128667
131550
1437
44
162313
130219
117829
112582
93095
74
14
134
54723
115281
100081
55030
30346
51893
57
11706
77151
13
899
80569
15
80679
104388
92259
65014
89747
43
101838
94565
110367
149
28
193
118433
86442
11
51173
129404
447
43
146912
73284
35460
71207
270
47095
14
74563
84700
449
12
164
74845
178978
12
145951
90053
29
117
178851
164
45
80509
155362
102111
83631
66450
93314
103
146253
99260
98133
78432
146
352
80382
5297
84026
30
17267
14
3605
119090
65387
76187
115347
12
43
158089
4537
100519
184515
3234
124395
180206
148538
103
109785
106629
15
4309
56459
59
177
84768
111790
72729
5409
163053
112454
109905
976
41
79181
11
131155
59971
105
46529
118
14
170
7002
104627
8554
116749
97160
149293
11
85856
49944
89
377
116621
204
104511
89
267
31825
44
65717
70139
53332
7362
55961
139297
104962
1179
106012
72611
109422
71552
89
703
142501
81998
75160
37102
87069
14
142569
14
65022
15874
42
72714
46299
103
77508
56975
106478
73
82546
81288
551
85465
29
45
32015
87
103247
14
61133
1769
8669
139721
75272
137665
50323
88
13
14
233
96333
101470
111325
44527
104069
946
94092
28
98359
58
100462
95963
90305
389
150
100046
12
59
118968
2193
30
170787
14
6350
152767
29
57056
71782
155225
49666
30
126297
73135
77596
62745
11
114215
195
105910
112716
140526
110280
285
58348
12
110235
72986
116400
72892
141293
79037
67191
85951
16826
147171
89990
13
147
932
3744
269
131358
243
154370
101492
42
93275
122435
588
118784
59
57787
134715
164291
18288
53114
492
91829
117810
41642
234
13
120
45
162
165
73
12
49993
44
115635
434
328
172564
58
102533
14
93573
99398
78176
473
145
1497
569
121986
90
74
100568
149551
60
88978
270
75606
159794
139183
14
67322
12420
43
11
46889
149
84089
240
62629
54245
42
297
42482
134
57
83822
72
76966
180
39708
74995
404
26
84145
14
39831
126141
73846
480
9908
42
114017
105366
1355
621
3275
88607
99783
12396
92677
142044
18905
121329
83763
13
15
186
4994
1753
1289
13
106603
98067
114424
90149
233
59
15
11
57
224
217
11
81873
136341
49013
314
33929
27
92981
404
64096
93900
1604
61452
14
1370
15
17710
91963
13
54635
161
209
52328
58418
2261
47310
812
128066
29
153737
90774
23866
50401
15
113890
11
102281
2613
163
267
3329
85422
51999
523
1282
101577
5811
44
353
42
105733
83762
193645
30749
54363
150
73
3382
131955
73751
104493
44
103
50566
43
148
28
532
80345
695
11
64086
13
15
118
115077
80227
152949
67276
30
27
53100
29
100723
840
284
1622
110399
89
126360
734
55684
30
45
89
86357
787
11388
96974
98313
15
163
112828
127750
32016
59
554
111508
