17
19
20
87
12371461
65
11756785
9135419
1407
17
109
955
6458212
44
10309880
7293
65
9923229
14149533
2824000
1231
17518211
8358693
16597327
19357493
14872355
43
42
22
8871423
14423460
14985397
13575677
171739
5914900
18
884972
8070881
2351
219
14003628
16
8652750
7937724
14425615
1294
10259048
22
9735551
17491562
11643664
20211
40
22
11395596
20817367
154
18338585
7999220
865564
41
6914778
19010945
11868210
13470645
40
15304716
16
7848940
19603187
17
14187
999
15359682
6811005
9792
16879471
10444509
326
196
26398778
17
771
14173026
19709914
11013904
11265522
15380950
10119914
549
9634226
16804925
34160766
8283821
66
191
9436970
342352
11239631
65
62
17
10532
9159922
17644653
15760767
18855838
1983
21
9990465
4008
16441790
23623496
863739
12474265
8824202
8342594
769
13437071
10069818
44
2059747
12260264
20
62
14257173
15204455
8920807
263983
8499366
15369379
9183597
2616
2045
15760532
2132
6734673
9031
45976
11765481
66
31846
16
42395
17931466
396
9296091
6538071
18130672
175
18622451
13684750
15
6994
5157031
98319
13848787
129
242
13587908
282
304
17373052
16147805
107
9528977
10910830
13029862
11274
15075385
8645011
10409457
11106884
16
43
14124522
13713837
5719318
6065296
18773002
15
13978908
506
11167544
18665
22
11772347
15564633
12787
13752411
24122744
16244533
19
8281035
9560664
626396
15229993
17576
4320
968
5944
20374314
132
7060395
1296
2236
18089455
10969324
10625121
15889213
19
9160
1425
130
16422807
8661677
12417083
10766009
15666192
2535647
13539092
926617
22707018
131
10799983
23785701
16683961
107
81812
18550554
44619
813
8379263
1099
109
13811244
3431
174081
13491229
18
10072607
22629945
20380025
6252150
22
14383850
11376336
13677395
93391
281
13763865
20
11761004
11484199
17791524
13243647
346
22281
1116
11865318
11284557
15762669
14057008
27268707
11942609
13627200
19169155
3839
16397669
11118790
3828928
3483151
1045215
2933
702
12310155
17
8178724
11473689
108
5748230
8625522
176
19658856
417
13630582
13775734
17554121
637
13153716
6847
10368154
11556210
3709160
64180
439
219
1716
18
77067
43
19718
18656933
126
5959948
222603
16
9364311
17
16125913
375023
11477742
3682677
19233972
19
17
23777
109
12440491
396
175
15445030
8880966
305
9208373
338178
13785372
5056336
16638692
1028100
11749766
10136
17
85
6409067
64
18330248
926461
107123
8657965
1255
117460
9884370
61
1913
6199856
114487
13636507
242
45204
16929150
132
21
13602576
747
8569630
8151604
15095695
16
963995
20
13006854
9558202
3786
96323
1744581
13294268
17124586
19
24053215
13599893
2728
12751370
10234192
26223
235
18
253168
241
38325
11893
4341595
27426147
11116543
10041921
1885361
307
16
374
132
8647
65
367
5154621
14055018
12020788
14028
7692617
2425307
7885170
20
13187641
11116121
2230829
4581937
1442
44
41
384619
14801442
1607
16413278
152
5652
12992191
3440814
5272
10750047
72310
12027977
14361
14374739
15116544
600115
3761877
21
9252161
15
7729657
3323
44
26826
51044
8558148
12694666
5586
60
8084460
1623
1232
15
17
8236222
10558032
11935543
2130
20808698
281
21
152
17314596
25081762
16026305
22
968
12488239
64
20
242
4626
16986097
834
9244
7597393
14
470
20
14753775
11444902
11036921
13230872
870
40
7522366
14753
17650224
169909
1471
21
10234778
461
14723523
2726
20795010
19
1341
196
23796853
5488
1684
9268297
18981910
15
242
16680131
8035688
181802
4868
87
18983447
