16
28
9
5
20
10
22
36
10
7
5
21
5
32
6
19
5
18
5
20
17
13
12
36
17
27
20
15
6
14
21
32
12
36
14
17
18
5
36
21
12
12
5
10
9
6
22
21
17
10
5
7
5
6
15
5
14
12
12
19
36
20
15
28
17
10
22
5
12
5
17
19
5
21
5
36
10
14
6
17
11
18
28
19
16
12
24
19
11
13
10
15
13
20
17
20
24
7
14
18
11
16
20
21
7
5
20
21
16
12
12
28
15
21
5
28
10
10
36
17
36
5
10
6
20
6
18
5
18
6
5
28
36
28
16
5
5
5
28
5
20
18
5
15
14
10
10
13
10
7
18
14
17
15
9
12
5
11
24
13
17
14
12
17
11
14
22
14
17
14
14
19
20
36
10
32
27
36
21
5
5
18
17
6
6
15
18
12
17
14
16
19
24
11
6
21
32
17
5
23
32
16
10
18
11
12
17
13
7
17
17
21
36
12
14
14
17
22
19
18
36
15
10
10
5
21
36
13
6
36
15
13
6
5
16
10
21
12
36
17
18
5
5
6
13
36
18
7
12
17
18
17
32
13
23
20
16
6
18
32
20
18
14
5
11
5
17
5
21
21
15
5
12
14
36
11
5
14
12
5
6
10
28
17
22
5
12
21
5
28
20
32
5
11
11
12
21
17
17
11
11
11
14
14
17
11
15
36
11
20
11
21
21
10
5
21
21
16
6
20
10
6
10
5
10
7
16
23
32
7
36
5
5
32
24
10
20
17
12
19
17
15
11
36
36
11
13
5
13
10
5
21
7
14
5
5
20
36
5
15
24
9
6
13
36
22
5
11
11
17
24
12
36
5
21
20
20
6
6
21
23
11
11
17
12
17
10
7
32
36
22
10
18
10
6
20
14
18
12
14
6
15
18
5
5
12
14
20
21
18
6
5
14
6
14
12
14
5
13
17
14
32
24
5
12
6
6
5
6
32
18
6
10
5
32
23
11
14
6
32
32
10
14
20
5
5
9
21
14
36
17
10
21
5
7
18
15
14
14
21
5
10
17
21
24
5
11
5
5
23
15
14
12
12
21
6
7
14
10
5
5
12
32
36
14
5
10
21
6
12
7
11
5
23
5
24
28
32
12
21
10
5
36
5
15
18
6
10
17
5
24
15
5
5
5
5
12
11
17
20
22
28
5
32
28
21
23
36
36
17
14
20
17
17
17
17
15
12
12
6
16
15
12
5
20
17
5
13
21
17
24
15
23
13
6
17
12
11
14
36
11
17
5
15
36
11
20
21
6
13
5
5
11
13
5
11
27
18
16
20
5
5
9
14
12
5
28
5
5
6
21
11
20
5
22
13
14
18
11
5
7
11
18
15
22
20
13
18
32
5
36
19
11
5
21
18
11
36
14
17
17
21
36
21
11
28
22
14
20
17
6
5
5
5
5
5
5
21
22
24
17
20
12
15
5
6
6
10
5
28
32
17
15
23
13
11
14
20
5
11
15
14
20
15
36
27
28
20
5
11
20
23
7
18
13
21
20
6
7
7
14
11
14
14
11
21
6
15
11
6
5
36
7
5
17
22
12
16
21
6
12
14
16
18
11
6
23
21
12
12
16
19
20
23
6
13
28
7
21
15
5
7
5
5
36
6
5
10
18
6
5
6
17
5
5
13
17
5
18
5
15
5
17
11
6
7
6
12
17
11
24
36
15
20
20
21
17
6
14
32
36
21
36
14
7
14
19
36
5
5
16
13
13
5
17
15
10
10
21
21
5
5
12
7
24
20
21
14
11
22
20
21
6
13
5
17
13
21
11
16
5
5
7
14
7
13
13
12
17
5
5
21
17
5
21
11
5
11
17
19
11
19
21
18
20
7
21
14
17
6
36
36
21
15
17
27
21
36
10
14
23
11
11
17
5
7
20
17
10
20
21
36
21
14
15
9
13
13
21
15
24
20
18
5
6
5
5
10
16
12
5
20
5
10
11
14
32
18
15
12
5
5
36
11
5
5
5
5
16
12
28
21
14
5
12
5
17
36
24
5
17
18
6
6
10
6
20
6
12
12
20
21
5
28
11
5
24
28
21
20
24
32
21
17
7
15
20
18
6
6
36
17
12
18
12
36
17
7
13
24
6
17
36
6
20
11
24
17
7
36
15
36
28
12
