475
74
1458
1317
153
44
163
210
44
17546
70
1764
195
72
42
75
69
18560
74
2925
309
980
951
147
3368
2286
103
43
135
44
43
83
105
216
40
28
135
9478
58
86
2477
1782
132
16
502
5039
41
103
60
2337
60
44
88
133
74
1009
57
412
175
1119
8426
43920
1980
24
1744
540
807
830
3123
1172
839
433
43
71
824
63
54
58
322
1355
225
412
75
22
103
358
258
1550
762
3202
37335
90
7469
59
710
311
58807
133
3228
798
75
45
105
114
800
45
642
45
59
1291
1231
529
2124
8867
3744
267
4495
374
128
585
45
100
90
45
4360
300
133
42
71
18
305
202
10805
154
519
1179
60
275
1023
619
120
168
399
2744
611
1122
597
72
400
164
836
5538
88380
87
