19
18
149
15354
82069886
24
91806553
133526532
23
14005
11095
896
85713675
17
49354174
3649
247
46202473
97207692
653268
46
89916604
116512383
96162537
97599077
94799753
16
74
1392
212419674
118771951
129302260
100077845
30310
212750316
4932
58710444
95974292
18
8150
33050967
199
76720899
93313603
138165250
2136
90614188
20
174616018
129298766
167614110
9622
2669
18
69379462
149083421
5961
109967857
34667058
11381
471
163091140
88400292
158305752
80668759
174
96281032
47
81954199
96416995
123
1954844
74
151184052
217115469
72
57013728
97858794
146
148
111396966
2996
197
70501093
118115304
120422759
69152487
47412974
164144861
101191
87700175
71975224
53281443
105896052
3214
7269
94945538
47806
116810004
50
3749
69
17775
114196779
159824381
50325320
143619788
1669
25
105523385
3430639
170891640
98367287
44449903
70629028
205567723
122370164
8438
102545402
77343617
18
1489712
106246716
173
150
171378605
89253292
76330788
30525
103304993
44707201
79556911
339954
22
86376796
2682
40365059
29149
123
116784020
22
9496
17
110829
169535853
23
77227633
97339897
110810182
45
175300502
75576305
47
44360
89947165
1204
163105206
93
23
110417873
344978
349
163052626
76579172
42787
116896663
50125402
117810083
8071400
160925436
71633429
110791840
103741503
798
18406
64515494
68691747
66861362
87001159
114651718
1941
116193702
11615
87105903
20783
521
128461632
76602552
22
78512344
137243814
108971748
45
117168852
122251622
44123
65229655
3169
272
64977
200
109276490
19
69100995
7135
573423
166583087
69467422
132708451
66657089
21
124
325066
21
96529198
81704738
135094111
118571493
158203799
3442870
93916756
150383
93572814
1365
63379440
37084680
154540386
23
430404
91654091
650
21
101076008
20933
2073
116429148
247
363596
126067146
23
101332384
81285088
57391786
131220738
473
36986033
210406991
107486809
2073
22
141891483
820
112459757
55191726
99390999
109555100
19
2540
21
43171743
72753956
143201554
194640019
101966509
152347931
70835550
99298748
8704
84685642
165959776
35045773
44201
16051302
444
10407682
102988775
2399
165090012
159090950
50
148761361
164188838
46895
93575740
48684
158423306
121485545
111986329
7824
52450970
59568
127261840
139769058
77398963
17590850
470
2870
1874
7307226
25891
824
1799
150869894
124
86690888
2838178
224003
148345036
8247
164736877
23
113449086
64125314
40838629
71
824
89028
33409
80806289
21
75
139238219
165791268
414084
127251613
53701
83937688
93054251
101443812
59081824
102630567
9209
1099
125
155446925
21
107069105
8367
5639
82508922
273
4713725
87277528
20
205852
131532631
25
65838132
471
75
106936887
23
272
101902411
49
657097
117227678
52105939
22
340843
22
78858425
132223947
1187329
175
3601587
220229672
147889049
349
160669724
157166958
12950
108072089
92643916
312005
312145
158068
14775
8822
338665
2172
56733710
65347713
90800655
119537575
6782327
25
1304
21
19
299
24
444
103794467
59549840
97048562
5699
1548526
178759
97568913
5014537
103270310
68656356
16535
53671778
597
19303
75
169453
133110004
8669
87881975
20
71
77756695
183144
25
77273050
52497
78221457
6622
106902493
76422578
8667
21215828
17
81892722
18
137482982
95
48
2489
1524
146688473
97616882
71
625
123264519
117233
18
171
170
46994098
87109888
148384231
4444
83283718
49
323
262009
112578598
85264796
117941958
1025
319
124340184
48
149
70
446
119529609
911
681822
50545424
24
248
873
107437187
125420623
114644851
152511325
332464
43
70421427
640785
100602470
1722
369
573
47753293
20
73270063
6441
118546491
73
745
4842016
55753961
3271
223
174861534
187750696
23
25
159647489
100515029
2714
100
324
67853318
