439
479
18
328907
2315587
116
2260504
4332348
33
97
479
59
3065775
18
6213749
138
79
1908062
4038620
908815
2301
3642627
4136382
6848858
3303706
4058501
1236
19
17
1716409
4154233
3721319
2034206
41930
4673088
2038
75072
4285256
139
10598
3919076
118
3867052
4368027
2744471
1300
1210705
57
5165453
3653946
2705646
39485
18
177
3680655
1373055
5687
3706967
3559094
396
100
4707697
3074654
2672810
2439734
14
2326306
16
4635507
3101429
18
40
1019
3691241
3411852
15304
1947731
2836731
15
1087
2296381
1178683
6130
2966941
2732212
2995140
2751593
1176522
5210960
139
3438123
3628904
4220223
1469105
198
793
1339417
59
3099668
39
58
14
178
2024743
4654092
3859864
4190893
2001
1531
4789828
12965
3980711
2241643
55742
4087611
3679473
2996463
6061
2599838
3502256
18
35423
1852305
14
677
2277110
1761574
3544297
13268
4713137
2558900
1943820
19
159
2158630
9658
2978749
33661
16
5667483
338
1232
3049
4016
4354036
2152
2630305
2539859
3101851
736
2178333
1853033
299
2060
3683122
36
3962284
199
19
1644789
39800
20638
3759258
2102377
17336
3647884
3030497
2138538
459576
2873176
5876268
1872311
5545100
39953
180
3665422
3568381
3577772
2376817
4006218
19
2420790
160
3185773
52978
116
6054131
5121300
37
5699306
2519505
2961854
138
3067395
2780997
1606409
2357960
5951
177
13321
578
5849591
958
4021582
2403
14933
4908629
3944228
2900026
2534613
19
77
165539
40
3474934
2974580
5265377
1384815
5491253
10420
2139505
108302
6083795
315
3112502
4718567
5122032
99
15571
4206970
2783
258
4130318
1364860
439
1523876
20
158503
3730076
17
5171503
4981462
3947393
2715476
640
4635288
2315588
3269406
797
35
1733870
1384
2678103
4165053
1826886
4182976
14
1058
19
1842520
3683388
2691167
3425565
4474905
4978227
4473557
4266650
2152
5180435
2893643
40
1587474
3179236
167330
14
2360499
180
5152817
2963630
118
1802301
3281210
80
2568028
56614
3264326
2186972
1709548
19
2575284
60
5013764
6254731
2953773
372
280
16
119
993790
556
16
18290
2143926
180
3603265
598
19
3007940
897
2531373
279
2874829
3717433
1428558
79
15
40
2187
2728944
20
140
892641
5461706
398
2233543
18126
2588424
2592017
1427460
37096
4156780
766631
54
20
2641534
376
3828787
448
3034389
3400843
16
4772
3731977
119
759
6829856
1840
4044105
841851
25640
3650778
19
56
5477302
18
1902
2313920
4415483
215
228415
19
4433658
3450075
144041
192041
88664
2298286
2563153
15
2294591
2848643
1311718
1005539
4455955
1801
117
16
3637
246525
46720
79
2338214
2884401
3610089
2966776
61542
139
177
79
16
515823
14
136
3866488
3648526
3317042
79
2027559
19220
5087049
30153
4705070
2531622
825896
1360480
357
17
277
1769
3103897
1045
2613368
19
21103
4453405
399
100
3301239
2037
3622823
246741
4194252
4509960
3511
157818
198
2448268
77
2465682
116
1658
240
53933
2321851
2670027
176
1381
3123749
747889
3956
76
54
3282631
4045410
4929073
1746
3615265
17
956
1907
3446652
1274287
6324879
80
79
3006695
16
13
13
118
3378396
69542
98
3765710
18
15
18
3440011
3608356
3420986
2300421
35465
17
2327421
65705
3496220
38
1133
18
1597902
55
2960655
147649
3640694
118
27393
318
2983058
937
2624
3051828
6623057
98
17
4113607
2975791
1202974
97
797
3680404
