10
49
60
1060
1122
30
2031
3886
8
39
7
20
1995
120
2875
213
29
2079
4290
18
49
4037
1600
4895
1897
2157
28
18
50
4132
3046
3928
2685
90
4946
49
583
2050
8
20
1526
9
3713
2481
2187
50
2696
10
2449
1917
1843
9
7
20
3702
4364
9
1949
2560
382
69
2972
1961
2626
3594
20
2609
10
3443
2367
10
40
10
3209
2380
48
2952
1876
7
59
1685
89
90
3241
1555
1410
2741
4332
3078
58
2349
1846
1546
4427
7
60
3031
29
2035
66
8
39
40
2431
2691
2614
2292
89
358
2520
1231
4051
2094
433
1935
3175
3875
57
2951
2765
20
146
3668
466
68
4414
1825
2090
1628
1764
2514
2919
636
79
4917
20
1655
29
38
1970
19
77
28
662
2394
10
1890
1909
2105
775
2075
1921
70
1480
3465
40
3045
29
1199
3802
9
10
2768
2890
371
2076
1395
1025
67
2611
1721
2491
1417
7
57
909
1830
1706
2886
2929
19
2086
910
3480
328
8
1637
3074
29
1822
2677
2765
180
1628
2511
177
2660
20
1434
126
106
1657
19
2917
28
1903
2281
859
1486
3750
28
287
437
88
926
1766
2028
4737
3658
1083
2404
1238
2052
66
3193
3255
1283
8
259
2003
479
9
1602
251
214
2973
546
183
4230
39
3642
1490
2204
3854
89
3322
2009
2050
207
7
2515
57
1976
1316
3059
4142
1948
30
973
2337
801
2016
2483
1647
2267
2442
5485
319
1316
4422
1074
1131
977
355
10
1893
7
2632
2804
98
3495
3032
194
3898
136
1952
3194
2999
146
4256
30
1469
2376
3254
1711
7
10
10
79
931
20
120
2157
28
4577
80
697
1996
593
5152
60
2530
2271
3171
253
6
10
10
2824
79
342
2057
3063
10
2528
1096
3214
2287
2808
1930
2607
40
8
8
4103
7
2057
1440
215
2642
7
2041
2503
675
138
1930
154
2888
273
375
5027
681
39
3608
19
1524
4105
3739
7
1067
7
1760
1401
158
210
29
3078
3138
57
4030
2545
591
3597
3553
961
40
10
283
29
209
49
4145
4580
4560
2991
380
340
29
70
189
199
740
19
1706
4361
813
245
674
47
2699
69
3094
1037
122
2096
448
762
8
595
1504
1337
3860
30
79
3279
87
9
3144
40
1370
30
1373
2480
40
20
9
2546
39
3350
213
197
375
158
2807
1813
40
155
2907
58
169
947
10
2405
3310
3849
493
1820
169
109
10
3934
4286
3072
120
20
1905
58
20
10
80
2514
237
589
2795
19
1049
7
1633
3503
3110
1524
1474
10
3045
20
3552
440
438
254
2278
39
1507
950
1843
7
479
119
1864
9
220
3712
3667
8
39
3048
2398
49
7
179
1108
