59
54
56
141
19
104
867
147
110
200
58
342
25
148
270
471
68
150
34
122
19
643
132
30
1150
1091
87
103
29
89
540
173
182
38
18
13
100
89
44
580
39
402
12
55
1062
17
12
105
223
909
1412
83
832
37
139
70
59
158
485
66
248
61
163
1191
410
187
178
35
1010
330
66
308
30
2302
829
640
198
229
631
120
726
1571
120
33
47
29
54
270
344
77
669
1173
538
363
60
29
83
136
170
30
892
29
47
139
658
62
275
27
606
42
732
52
386
59
4250
457
241
89
1261
47
11
256
36
290
28
840
99
191
47
143
37
447
141
109
30
1700
125
695
457
1237
1456
50
672
153
447
47
55
16
73
36
281
28
58
15
46
30
77
39
77
295
642
580
18
216
120
134
258
103
1511
88
29
26
142
372
194
162
39
1101
81
167
107
145
316
38
160
35
29
409
30
186
247
459
178
678
1467
380
135
191
306
43
69
1104
40
18
65
36
40
282
49
27
177
44
136
567
11
194
60
682
4840
37
30
217
376
210
50
60
469
66
1199
39
135
29
148
1208
392
546
635
28
159
59
898
978
70
1640
681
28
1038
38
39
85
38
369
47
28
527
99
496
2703
520
47
113
131
19
287
120
224
139
1029
27
276
19
290
1250
137
29
68
27
697
58
236
1163
765
59
106
56
27
27
58
28
54
2272
162
81
29
290
43
