16960
18418
19905
21510
19742
20359
18586
22781
19614
21153
19174
21691
21151
18973
18023
20030
19003
18559
19500
17490
19782
18913
20900
22760
16851
22429
20911
19049
17821
20767
20577
18479
17720
22539
17727
18656
19132
22959
17788
20224
20941
20660
19546
20596
20315
22506
17320
22139
19140
18782
21831
17185
21114
20210
19533
20088
20171
19796
18056
20164
20039
19151
16206
21501
18341
20566
20865
20896
17772
19564
18916
17383
19601
20001
19898
18837
21497
20448
21087
18257
17032
18156
18908
21831
18354
19428
16476
20093
16353
21917
20659
21291
18831
21868
20296
20359
18548
19305
18028
16811
17831
19834
19742
19693
20630
19322
20756
18497
19749
20261
20249
19856
16920
20039
20114
16751
17877
21477
18895
21083
20885
19351
18756
20411
19591
17485
21771
19008
19781
23470
15940
19724
20958
18395
20963
22370
20734
19814
18218
18218
18580
18109
19569
19512
19855
22941
16548
16518
20467
18883
20381
20076
22153
21813
22266
21253
20556
18168
17434
16783
19955
21478
21573
20466
23142
20488
20652
20304
18806
19322
20541
22126
19809
19089
20885
20679
19052
19387
20903
18613
20678
16260
18387
17807
18252
21591
18993
19799
18403
17118
17918
19232
17612
18177
20220
20532
22141
17576
20322
18723
16290
19074
20169
20080
20241
21416
20234
17986
18908
19909
18742
19185
19743
20305
18762
19455
20544
23281
20954
18576
24361
18517
16754
17327
23697
19589
18389
21368
19597
18404
16962
18808
19934
19512
19071
20838
19008
19985
18567
16288
21591
19398
20542
20291
18082
20972
17728
20138
17389
16419
19581
19398
22861
20678
20424
17697
17959
21220
19378
19246
18854
16805
16585
19159
19578
18022
19499
18390
20855
21567
18347
18736
16524
21906
18160
16845
19809
19755
15158
22038
15379
19244
19708
21931
19786
20425
20201
22089
21473
20481
18337
18881
18296
16259
19179
21420
17495
22892
22258
18684
18419
22529
19600
21441
17946
18088
20133
17101
22298
19787
14004
18556
20991
20445
20926
19308
19477
17817
16464
17399
19132
20286
16989
20199
18267
18262
18276
19071
18741
16513
21984
19989
19328
19806
18922
19513
18968
17903
20260
19786
15542
19152
20820
22284
18762
16249
17716
21871
17725
18985
20986
19168
20847
20181
20159
18874
18849
20086
20955
22390
19512
19353
20810
18451
19896
22242
20449
20630
20705
18800
16665
21044
18653
18790
19207
21337
20452
18213
19788
22211
18522
17570
17546
18105
18009
20722
17314
20731
18780
17506
19772
21401
18451
19646
20694
20693
21941
23164
20451
19089
18117
17497
19854
20552
13909
19427
20222
19380
20224
21832
18401
19707
22580
15940
19752
21079
20300
18929
20461
20566
19889
18438
20448
17818
18979
20496
20120
19330
20388
18016
18502
17722
17888
20071
16781
20897
19866
19714
19917
21727
22333
19970
20396
17024
20832
20448
18658
20091
19117
19936
21177
20779
20481
20055
21775
20311
19853
17994
16816
16477
17736
18912
22025
20697
19398
15635
20508
20741
18107
16490
21090
21662
19457
20498
21296
17518
23399
19793
19813
19438
21918
21442
21900
21211
20892
20112
20829
20658
20005
20034
18692
22373
22595
18208
18754
17237
20898
19120
21983
19400
