297825
365295
292230
3555
491475
615
475665
489465
491295
490860
13905
122520
481950
421470
60
294375
2070
279015
486900
453150
490800
53250
238080
261195
192105
116865
22635
462360
468420
463980
400965
17400
15
92385
196440
4215
224250
1155
44325
352680
485400
17805
491385
48630
50640
491460
491355
1830
329070
310665
474090
245115
187170
63075
403560
233415
327120
165
30
54675
479040
491325
10470
254430
200955
915
117255
230610
34020
351705
48825
367980
151230
11445
4395
446115
525
490800
490725
21960
453525
491220
488595
473205
1920
825
32850
490800
476250
17220
3765
491250
4485
152820
422670
225795
14805
40425
376290
394140
450750
491280
104745
414375
332355
14685
165
491460
35760
331560
476745
469785
387555
491160
491475
292560
198480
472485
14070
398910
465945
15
285
483765
466740
163230
491190
385335
210480
300585
4425
80070
295710
120
343515
488760
330
467895
86400
930
5280
112200
645
83805
212775
407130
410250
490800
68760
486165
45
60135
44280
120990
780
450660
485430
32670
10680
471540
148200
35355
8520
25995
467385
47040
477480
105
439155
123360
1680
491085
469335
404385
410400
393015
5385
467085
7110
355545
9510
245355
2085
346155
72795
463035
37800
482400
491235
491415
305655
29670
340185
491115
420090
230760
7845
1320
422280
489060
11400
20100
490950
485340
322965
349725
86970
233940
23880
390
86370
104100
130710
482355
202035
455790
36015
11730
404325
456195
491370
452610
64245
225
490140
490560
484110
105645
489555
90
161265
378165
464730
431070
139815
484815
45
486840
45
105420
435
75
188145
51930
491475
427305
96555
490890
481875
485520
490965
239595
469035
14355
308055
381075
172125
491415
39675
4200
487020
120
261390
9555
156390
491490
12810
9945
375165
491460
490170
490410
486075
315
182205
490875
489015
437055
26925
485295
490890
283200
192210
373365
6135
488760
304800
485085
450270
477600
120
473235
422520
457275
488925
6375
9075
491505
491415
8400
56295
360
15
233235
490860
491130
3675
491160
309195
33540
454680
173580
13740
464775
120300
240
136845
449760
16785
27165
373440
491325
84210
257205
164970
239895
404475
491460
144705
2280
345165
119430
485355
67470
488580
213225
419370
491085
104370
19020
1275
431490
490845
450045
17070
481680
441705
420420
239805
491070
400905
306660
163710
341415
185895
489915
75
3390
464220
491310
476805
407565
468615
480
491100
28725
1590
201450
488190
27735
1305
114195
645
100890
484035
479025
795
330795
491430
413085
267270
450600
486195
490455
6030
148845
490815
180
135405
101325
21105
491055
491490
114840
155175
96360
2055
7920
488205
268440
444045
491430
90
330
209310
486045
486075
83640
23430
491295
18885
490305
491100
65475
264675
450330
72555
199740
24645
319905
491085
71730
7215
491475
36840
41640
381300
30495
82755
147030
485820
368850
405
464280
49815
143850
491400
489270
223320
224790
482805
316380
491310
10425
475485
4200
3600
287700
120
491490
370170
49110
338130
3525
35370
258750
490080
103080
179355
309795
8235
491145
90
491490
262920
28770
30
135
26865
277455
432540
491490
75075
491310
408960
415575
47100
22140
168000
313035
255
117930
32235
268335
190755
45
308940
120285
45
410205
356595
5550
268155
29985
491460
267240
489540
20415
63840
491460
