8
1
8
122606
89464958
2
242946
40286026
4
19
11
10
91478134
5
77780274
5
2
72144314
92271916
22
10
31460
92107818
19103832
80600938
92272202
2
6
3
88285120
5530668
59908156
1205908
739130
58186436
11
44
92274270
4
198
8673918
28
8184
57701556
60034744
14
92147440
1
2740848
50659158
44
5962
4
2
59142006
81833686
11
24670580
38567870
54
8
1336016
92153336
78486672
56649956
9
80016024
3
40073968
9562938
1
1540
15
5016110
924
5
92272906
92254998
7
8
15049892
13
11
92271454
91498902
92254646
91512300
91453714
80059936
21
91389518
90791954
68159938
3442208
11
10
114202
215
53616398
4
2969
1
101
85093294
22492690
39164180
92001998
11
2
6839294
2528
92126276
92271938
18
92030004
5894174
14520
10
91977974
92273918
2
107227
92178768
5
6
1047486
9252188
13393798
37
36147166
7700
42675402
41
8
71718306
14
33871200
13
6
92040520
3
17
7
64
92189988
12
64056564
91904384
10692814
4
92274622
3916
2
14
92243690
21
154
7
3
23549042
1449
9
5302
13134
12
91826218
15378
29480
154
25295446
739926
2314466
52031166
5
12
91608
92274424
91528492
3907486
91900886
3
154
6
86136886
26636588
5
10787810
90292928
6
808654
85227648
92274490
1
92268132
67914
528
62985714
11
8
19
8
220
9
76645514
10
58
92238608
52763392
91727152
17561060
4
6
1845403
8
75841810
8294
18734914
4062344
75872808
61267
14650152
5742
91863134
6
47654882
92274028
88190586
2
1098
770
12
6
10050040
20
57
92274358
10
14057
91235012
3
89680866
4840
92249806
85449980
3
82233008
19228
92272664
17
2
18495378
8
294866
91636952
1148004
90430098
13
36
5
40766
519904
5214
92272752
81259398
46836944
73629732
65802
14
92223076
22201938
66
20
151
9
11
10951094
6
826562
38096542
6
3385052
53071062
12
88828740
84
110
92261686
2398
206272
36635632
7
77104324
153890
87791990
186
8
11
5
12
19
6
49456
22266860
10
4087710
17
13
52492
3
92274600
10
92269870
90884002
38407798
17
4
13
41
34584
6
7
633534
1341054
12
43614692
13
594
91883418
12589654
19754
90567686
17
1
3
3674
8
1298
19
12
84585534
12
21
85526034
4
58
91853256
2
858
9
102124
1782
3
6
85113666
9
4564186
84869026
92218676
2
1033
4
140272
73898
14
21
7500
813758
11484
4
3866280
42917138
218
23283876
36822852
21930
10
8
848
12
42192
76
49711398
77852654
9680
1225620
3304814
13
3
2
5
12800
6
4
23795178
83571620
23787654
13
13
14
1134716
20
92152500
63922892
17
1056
6
13
5
21
68992880
11
92171684
15
13
12539142
299
11
36354494
15
37400
785
55062590
53930888
154
235509
1
2243714
1
86501338
11
58
790
15
68420
2720850
22
8
3729682
59
13
4
1
78558348
18678
7611296
13
3180078
8
7
11
1592998
90332110
26630494
6
35
110
3
4
2
11
5232458
15
19
38722728
1
30
9
92266680
9460
85977804
12320
103
1
15962320
21
28931672
17
8
3
83670994
3
86437406
16
88808940
1
13
1979
90807442
14
12
12958
75526
1
12
1252702
91281124
1023220
6
3
642026
