4
4
4
9
7920
1
8580
5480
1
4
14
5
3540
3
410
10
2
2260
3570
9
1
1970
2720
6400
9240
7940
2
10
1
9780
10180
390
10070
4070
6540
1
97
800
5
389
340
1
6480
5070
3330
7
9160
1
190
9510
330
8
3
2
1490
8460
3
10200
6340
7
0
810
7920
9480
10080
4
2630
4
100
2570
1
8
3
3210
6000
3
8250
6070
5
3
10110
4
5
2620
8220
10180
7050
8120
1000
30
8960
9140
550
9980
2
8
1360
10
10190
1
13
3
3
1690
1080
4910
240
4
2
350
827
9480
10180
20
70
8070
500
7
10220
8140
1
98
2410
3
3
10160
2380
9880
59
2730
10000
4420
10
3
9830
16
1240
10
3
9460
2
6
3
480
2690
9
10170
2240
9950
2
170
370
3
17
6570
5
8530
3
2
9150
99
3
990
600
7
520
360
10050
1500
8800
7240
8800
20
7
3
2630
1830
8330
3520
10180
3
9260
4
8460
1690
1
2550
5880
3
120
110
10110
2
10210
9420
40
10060
3
4
7
4
30
3
90
4
6
10230
300
9620
3500
0
3
850
4
7390
8950
7920
400
30
7
1330
8
20
3
3200
10230
40
1
39
4850
8
2
5660
9
5
10150
4
48
200
1
3930
9600
8290
1640
3
9140
5250
40
7
3
80
2
190
1000
9860
10200
5
168
2
1360
50
3020
8280
740
9220
10220
960
13
1330
610
459
40
115
7
7
9950
4
1170
10190
7
10050
10220
3
8310
2549
80
70
6820
40
7730
4
480
1600
10200
229
3
1
6
4
99
47
0
3810
8
470
8
7
7630
2
60
7
10140
2350
10160
2
3
16
6
8970
5
3
8090
1510
6
2660
8
8720
9210
1380
9
3820
105
1
0
3230
1
6550
7
7
6230
7
408
10210
3
5
2220
8
2650
129
650
150
1
2
10160
3
20
3700
5270
3
84
1
8530
10220
19
5
880
10100
10160
3
2990
8490
25
8210
9050
8
4
2
137
5
6
6
3960
6580
9850
8560
10
36
2
2
0
37
5
2
2530
10180
880
5
660
9
8330
4
100
9890
7
10220
2
7
1
127
9600
5
1600
4
4
7800
10
0
8360
19
7720
55
3920
0
30
727
1
320
1
2830
5
6
7
5
9140
10200
5
4
3120
4
4
5
1
4600
9040
1060
7
10110
4
3
15
360
550
40
4
4
5050
1
1
1
4
9490
4
6
4770
1
8
2
1300
70
1630
8610
8
1
740
8
1670
8
4
2
9740
1
9830
0
3500
1
7
48
1560
6
95
10220
760
0
4
10160
4520
1250
1
5
70
