5
1
6
163
491475
1
475665
489465
5
7
2
23
481950
3
60
6
2
279015
486900
1095
10
53250
238080
261195
192105
116865
1
4
1
463980
400965
17400
0
12567
196440
3
17445
1155
1
1484
485400
1
491385
48630
50640
10
491355
1
329070
310665
474090
44
3
3
403560
233415
6
165
30
6
4
491325
10470
254430
200955
6
117255
1
34020
351705
2
8
164
11445
4395
7
525
490800
8
10
453525
10
9
473205
1920
825
32850
490800
476250
13
3765
491250
4485
152820
4
4
14805
4329
376290
2
8
2
6
414375
332355
14685
165
9
2
331560
57045
469785
387555
74
491475
292560
198480
10
14070
398910
2
0
285
5
2
163230
491190
385335
14189
300585
4425
80070
6
7
343515
9
330
9
5
930
2
9
3
29985
212775
8
410250
490800
68760
5
45
60135
1
13
780
12
485430
8
4
471540
15
3
8520
25995
8
47040
477480
105
2880
123360
1680
491085
469335
6
5
393015
5385
467085
7110
355545
2
245355
18
346155
1691
3
37800
482400
4
491415
305655
29670
2
491115
420090
12930
7845
3
7
13
4
20100
7
485340
7
555
86970
233940
23880
390
2
2
416
6
202035
455790
36015
11730
404325
3464
491370
29
64245
7
490140
490560
484110
3
15
90
29
5
464730
4920
7
484815
10
59
45
1
435
75
188145
51930
3
427305
96555
490890
7
2
490965
4
469035
14355
308055
381075
5
12
6
4200
487020
120
261390
9555
156390
491490
12810
5
375165
491460
90
12
45
43
6
490875
4
437055
26925
5
490890
283200
8
373365
74
488760
304800
485085
148
477600
14
473235
422520
457275
14
34
9
7
11
314
3
36
0
6
490860
13
9
491160
3
33540
8
173580
13740
464775
5
8
74
10
16785
2
8
491325
84210
6
164970
221
404475
491460
144705
1260
345165
218
2
2
488580
3
419370
9
8
19020
2
1679
490845
5
4
481680
6
420420
7
15
400905
4
3
341415
4
315
75
3390
2
165
2
407565
468615
12
405
909
1590
201450
3
27735
1305
13
645
100890
134
7
14
12
10
2010
4
450600
486195
490455
6030
11460
9
30
3
8
7
4
5
114840
155175
96360
7
1841
14
268440
11
491430
90
54
209310
2
8
8
2037
491295
74
490305
3
40
264675
12
5
199740
4575
319905
13
71730
7215
14
6643
1
381300
1
82755
5
8
8
13
464280
49815
10
8
489270
57
8
4
1
491310
10425
475485
161
3600
4
1
10
370170
49110
338130
1
7
258750
4
1
1
8
8235
10
72
491490
1
25
8
135
26865
277455
432540
10
1
491310
150
415575
284
15
5
313035
22
117930
327
268335
1
4
10
120285
7
9
356595
5550
1
42
491460
267240
30
1
4
491460
