6
1
0
1
32
2
60
16
1
1
1
2
48
1
40
1
0
16
40
3
1
8
60
40
48
24
1
4
1
56
60
60
12
4
12
1
0
28
2
7
8
2
16
60
48
2
44
2
0
16
0
2
1
1
56
36
3
8
44
11
0
36
16
56
52
1
36
2
0
56
1
11
1
0
40
1
56
48
3
3
36
8
0
8
48
16
16
8
20
2
56
52
8
36
2
2
16
6
32
4
4
2
4
32
20
32
24
1
1
8
20
12
32
12
52
20
20
0
16
24
1
7
48
1
2
0
28
8
8
60
24
52
1
1
60
4
48
6
3
56
1
2
8
0
0
11
48
32
12
1
60
12
1
2
16
8
32
2
1
36
1
0
48
32
1
8
24
52
3
24
12
40
48
4
1
24
0
32
36
48
2
32
0
60
8
1
32
12
2
60
44
28
1
8
48
4
52
2
8
8
0
8
2
0
1
12
0
20
40
8
1
0
16
1
0
0
12
8
12
2
16
4
56
2
32
8
8
1
2
32
2
1
48
3
2
8
1
4
24
3
56
60
24
8
2
24
32
36
4
1
0
2
16
8
0
56
2
3
1
24
52
48
40
40
32
20
32
2
60
32
3
4
3
1
4
20
1
12
48
2
12
12
2
0
3
52
20
32
3
28
4
60
40
60
3
1
3
3
2
0
2
2
12
2
44
1
1
28
1
16
2
32
16
56
2
1
3
2
16
1
1
0
60
2
32
3
16
32
16
20
20
3
1
1
44
1
16
16
4
20
2
8
56
7
4
40
1
0
2
4
52
1
1
16
1
8
36
28
1
8
4
0
8
11
20
4
44
20
2
8
40
3
32
56
0
3
7
2
1
7
0
56
12
16
56
11
8
1
1
2
7
3
3
48
0
8
2
20
16
36
2
48
28
12
20
1
1
2
3
60
3
60
1
2
0
12
2
8
3
60
12
60
60
3
3
2
28
0
40
2
2
3
12
24
48
11
1
36
0
11
2
1
48
56
44
3
20
1
1
3
32
32
44
1
4
60
1
1
3
3
40
2
4
44
1
4
1
60
52
16
16
2
3
40
16
8
0
1
6
48
1
8
16
8
3
4
8
60
0
3
44
36
0
1
36
32
3
4
2
56
