9
1
4
23
837402200
3
834934625
106000
2
16
12
15
838856850
6
820845400
8
2
102534225
327493800
237749
6
53860400
1078400
425139925
790260425
222500
1
1
1
189805275
829702275
373589800
298546950
60080075
770773075
7
199
6525275
6
121
94600
4
838860800
548419750
50
17
813006900
1
838860600
11905200
838765725
13
8
2
372641025
22200
9
711075
546938300
10
13
838859250
594032700
404825
834970950
9
607437725
4
815944725
807806650
3
49
11
838860400
835118075
6
103336075
545046025
58
9
244375
11896
13
163075
271371875
838805775
835024325
796994775
59055375
2
29780075
832468500
34104550
826408525
6
9
838859400
65698
35659000
6
199
2
40
838034000
837014850
287335550
816274000
9
34
29732275
875
13093575
804309250
5046950
2325
438565150
822320350
3672
838823900
833570925
2
63400
293750
8
7
835893225
38571850
480618250
4540623
11624875
831179200
729623750
19999
8
838857625
19
550356525
15
7
588737725
7
8
5
521374
822604675
240
248411800
838302525
838857200
5
837461025
802334575
3
20
557358150
13
750598900
63
4
736410100
20
9
801106400
1775
9
23700
16979200
29200000
920
543590600
92622300
145037825
838647675
13
9
818180450
838860700
784587750
50
710137825
2
831535925
8
94761150
175
5
12459425
705404350
7
722932950
376915750
366167150
5
819795400
119859125
18047
834309775
7
47
471
8
826883125
6
668641950
12
698
824968475
808934875
833306100
65024900
5
3
1697
9
24831000
68687575
725
282094250
44325
272333674
376185150
1224
838647075
5
6943800
9627000
838860550
1
15697
214856350
8
5
362817100
4674
16
808271800
11
12300
830968925
2
838716400
216596975
614900
57177400
7
764150275
10661475
91072850
14
4
657545475
8
3449250
465910350
309284375
3820350
12
48
28
50796925
837912175
683300
361500
836644600
22844950
105371700
549752550
14
838860550
838818600
11910125
19
473
96
286
461773400
7
89520675
276015200
9
144825
8038425
33
838515525
131191
834160775
837774150
830192050
10914649
665446750
37
58780000
275
689341450
11948
6
11
7
18
1420850
112
4694
751228625
15
838394950
17025
14
576317675
6
827342525
75
68574525
24547925
794491950
9
3
218
10123
838835325
3
5
436162875
834950825
13
24475
74
535887625
6830800
588796400
885822
812286275
18
1
2
620900
5
58478025
12
16
4765175
14
105975
45414900
8
321
8155225
8
837966600
19
125
836799975
3
7
15759650
6
3898624
550987300
71328875
6
192989874
3
1543050
821897900
646
2077000
27824
411836100
125
8
468862800
758170575
22
838720425
5765125
35012949
13
13
3424
21
18
6
815992725
150
838859450
528516925
1776149
16
12
2
12
175
6
7
806606325
9550
780607825
74
4674574
14272
818732750
18
838860700
39563975
18
833558225
5
13
3
2448
587915525
269
50548850
5
241
99550
494
5
34032375
10975
252403175
19
561680175
77360475
3375
57178700
2
769150
1
581661425
14
10
18
16
2475
205330325
98
12
39340475
17
11
6
2
225565525
54661425
111431300
473
1027650
33
11
14
531800
834852925
838831175
3
44
696377175
3
3
2
14
629709275
17
24
31581325
1
10
0
430475475
350
838412700
710776825
15
1
3374575
24
7275
18
140
8
689627225
5
838414775
17
115645725
1
69
1951448
837354950
19
15
757300
825834625
1
10
67375
838593675
32008300
3
8
838848900
