8
1
5
3160
812680
1
20971380
12918700
7
11
6
10
83000
3
20969840
4
2
20970780
20963200
19
19
19694520
20485340
16164860
20948580
20968140
1
1
1
1460
20884560
17184320
17037600
4300
11521380
12
2400
20960760
2
698
20556080
3
7195200
20733660
2227500
51
20967060
2
6360020
20688180
11000
34
5
1
18616640
20971440
4
20021800
20960660
14
8
20969440
3481460
6991660
2236080
7
20971500
2
13663720
420
2
20
11
20807800
900
6
20847300
37520
8
9
20444560
12
7
331640
20910600
16434440
2260
20848380
317740
8
16283780
1029620
1720
51020
8
8
20835120
1079
16927860
2
14
2
12
20965400
3878100
18342280
5480
9
3
20221000
5540
10620
15835620
459380
4002100
20952260
41560
10
460
20971000
1
339
11951280
2
5
20012660
18477400
2631960
1048980
203260
19996780
266240
14
8
20937480
12
16573500
12
8
69440
2
558
6
24100
20845020
10
5580
20462320
20955980
3
19025060
160
1
12
14333560
275
20971120
99
4
12841540
7
10
18438340
23760
19
1820680
3674100
20580520
1475
2031560
20964700
20221700
20971340
4
10
2345240
13220
80
909600
6240
2
16560440
4
20967500
18000
5
563520
10303580
8
6298860
1440
19358960
4
8063200
12231780
17
20820760
5
10
13938
8
8660
3
560
6
15
20970720
276520
20077700
20683540
2
3
19
5
20167100
5101760
13633440
144520
10196920
200
31700
17
747380
4
20914140
62780
14320
4
859
19436320
29
5
20250840
40
38
20532600
14
11337
13832940
2
1571940
40
7220500
3969440
8
12908040
20969400
20971340
6
2
1312420
4
20928880
81940
4174720
1259520
9
10
4
10783960
38340
4520
75640
20964160
117420
89220
20971020
15
20498460
18461320
2998
11
19
14
9
5690820
7
20965400
20922040
9
18630060
309660
10
3446720
15
8072200
11847380
98760
11939
19023320
7
1126040
20964320
4097900
15
25
10
6
13
177
10
100
20893060
3
17193340
5219
11
9098840
4
20970900
11
1943240
10824180
65420
9
2
1
37
20961620
3
8
18360
19697420
59
20770480
15
20261940
20971280
17039060
75760
20610500
12
2
3
1764520
3
14843520
12
12
20599600
8
14
20898200
3
12
916900
8
16211080
10
875
60
3
5
20821920
16
3001838
20896860
82940
2
64200
3
19716640
17769720
13
58440
139
16574500
20834640
5
460
13141660
9978
1726140
12419240
3019
9
12
699
12
1488
7
19913120
419160
20970500
20921640
157
12
5
1
10
296
5
2
19760460
20544320
20970160
13
1330819
18
20505940
19
13560
983160
16
10588700
4
10
3
18
20968440
278
13658600
2
10
20948960
660
10
20971440
259
20970260
34
3558100
1117700
38
480
2
2313100
1
17859140
11
10
11
440
14138820
2515060
397
6
5903060
14
15
3
1
20971140
8893240
85980
10
17751160
6
5
11
3500600
353600
10153560
2
74
6133560
5
2
3
1636
20877100
15
17
13871020
1
8
8
18052540
20963940
44620
5646760
14
1
921060
7855
15451800
9
8
9
20936000
3
19265260
574
20969920
1
12
3656
13218800
56
13
18715940
20971340
1
0
507320
480
398
4
5
3439540
