17
19
20
87
80402366
65
76108164
79811930
1407
17
132
1298
76122926
44
75915708
8292
65
75432830
75563422
31401458
1231
73290844
81479134
79782714
76391964
80507284
43
42
22
77903386
78134804
77448602
76315888
318604
79826626
18
2621498
82505456
2351
219
80139928
16
80007246
80516150
80515798
1363
74190226
22
81192914
76977164
75131034
40150
40
22
73950140
79023186
154
79116664
75778934
1013802
41
81643782
73298786
78714614
74251078
40
78613040
16
73481914
77568942
17
14187
1298
81469432
81734488
23232
76457128
82299558
326
196
73157392
17
1342
80107082
73805534
80776388
73925500
80113748
74592562
549
79308086
80385954
75847728
81196478
66
214
74470154
661143
76230154
65
62
17
10578
74128164
75112796
76378962
77852456
2970
21
74968036
4796
74667384
76082974
1360215
78081806
79247432
76330474
769
79154702
78153724
44
4622354
77581130
20
62
73525210
82150970
79316138
1058046
80204344
79841784
77758846
2616
2045
78303434
2155
80333044
9371
94600
75606344
66
35859
16
44835
78658448
396
76411764
73309104
76274880
175
76147962
78044516
15
10142
81868138
127753
73990840
198
242
73876550
396
396
78204060
76711118
107
80920246
76560814
79108062
12824
73376402
81058384
79556950
81909960
16
43
73401526
79631728
79598332
77371008
78695606
15
79478058
506
75370526
55484
22
77379830
75032606
13615
74009408
77716892
80705240
19
74062494
74361122
758469
81787772
18456
5610
1474
12166
75427924
132
79971298
1296
2970
75430454
75766306
73215978
77444092
19
11395
2090
130
77880528
77648032
76938136
81976620
77598092
7900574
83628710
1912613
71696482
131
81802886
77950070
74983260
107
202510
78140832
59222
813
73555768
1099
109
80180826
3431
508002
75780958
18
81615446
72481442
75425042
75648254
22
82061034
76169082
78032966
113122
327
80070760
20
80764486
79028994
74067246
76132056
506
31086
1116
75161284
81510396
72159934
74168534
79062214
82209930
73363510
79525512
4135
81220678
81012404
19145060
6339981
2841124
3232
702
75157588
17
73264554
74339122
154
79061312
79168386
176
77708598
417
78864984
75030516
82126990
637
78029974
7169
79236542
73762062
77245410
177254
439
219
2838
18
113364
43
24881
76733426
172
76785632
252294
16
78638274
17
73363664
1471228
72928020
79093102
79050510
19
17
29634
109
77417252
396
175
79347796
79529164
305
75502636
803308
77737396
80206148
80300770
2445366
81490970
11746
17
85
78999602
64
77733744
1154228
301796
81245626
1738
179959
78827672
61
1913
75229836
226115
76892090
242
74778
75089278
132
21
75797832
747
34469204
76706322
78063832
16
3893340
20
77563970
81246528
5368
217734
4693193
80065942
75668076
19
72790454
78692438
3432
78092234
72755606
100298
440
18
343990
241
48531
17292
81261268
75032122
79599564
79006906
17790036
307
16
374
132
9921
65
550
76501480
78367476
77823042
16037
43979210
9258810
79932270
20
71392706
81625148
8280426
80736766
1672
44
41
686642
80384546
2156
76228768
152
5698
77153516
6540092
5499
81190120
125092
78995708
24134
80029268
75385926
1042579
25601334
21
80711378
15
81310570
4818
44
60874
64393
81472358
78814274
7655
60
72551952
2353
1232
15
17
80455100
73422118
77766282
2130
76604418
373
21
152
81523706
75339220
76518772
22
968
78462274
64
20
242
5103
73933222
857
10405
82654924
14
858
20
76991794
73735046
73436814
80885948
1210
40
80583404
36234
74610536
330528
2926
21
81103066
461
76480976
2726
81799586
19
1341
196
77640574
5829
1980
80389848
78675168
15
242
73823882
76810404
246638
12671
87
74781036
