460
479
18
1098100
17735240
137
17937740
17452440
33
97
479
59
17662960
18
16607420
138
79
17216360
17158120
2713800
3200
16509800
16938020
17439380
17972760
17867580
1299
19
17
17868720
18027820
16316740
18392100
81820
17349500
2059
241800
16843480
139
15380
16715760
160
17260360
17351780
17068140
1300
17805280
57
16615520
18041980
16457380
59339
18
177
16942560
17752720
12560
18586540
17687960
438
100
17019040
17656660
17568600
18243880
14
17063500
16
16481960
17169180
18
40
2140
17336960
17596500
25460
17943260
17309940
15
1460
18072400
3274660
9160
17163540
18015300
18078220
17367460
17555540
16971060
139
17894860
17883380
16579460
17842000
198
898
16902840
59
18242500
39
58
14
178
17214560
17071620
17622240
16477040
2295
1738
16471640
22800
17951480
18395660
181240
16905920
17622380
16841240
8178
18162460
17975600
18
54100
17294440
14
739
18397340
16940540
18069980
31340
16991300
18313760
17212080
19
159
17826160
14480
16896660
54700
16
17864300
338
1479
4499
4898
17086080
2700
18229660
17371660
18485260
778
16850620
16458300
299
2060
17428540
36
17879000
220
19
18038420
88100
88560
16746140
17016960
21720
16909680
16857960
18400740
892939
17740940
17901400
17907880
15951660
69879
180
16721820
17355780
17866780
17447580
18410300
19
17731340
160
17684180
215840
116
17153680
17697480
37
16429560
16677120
18424920
138
18319580
17796780
9720500
17878520
7400
177
15799
578
16473000
1380
16463480
3640
33980
18176020
16355700
17760440
17356380
19
77
226379
40
17635520
18167020
17657620
16593800
16224140
22380
17019220
244600
16533360
420
17327260
18529960
16336600
99
16239
17307840
4659
258
17281100
3406440
439
18243560
20
217318
16844040
17
17398360
18354360
17395720
16076460
640
17950860
17578500
16175300
797
35
16139680
1636
16389300
16495140
18089200
18200800
14
1560
19
16835280
16534500
16765560
17653020
17036640
17792620
18148580
17271780
2319
16967680
16942140
40
3696979
8298780
283680
14
17891520
180
17076660
18445140
160
18161440
18314820
80
17466720
102039
16387200
16140440
17136620
19
17805200
60
16313300
17111860
18320580
580
280
16
140
3193900
640
16
20078
17142060
180
16084940
640
19
17325200
897
16614340
279
18366400
17104040
18330920
100
15
40
2418
17713720
20
140
17263760
16871620
398
17107480
21358
17812900
17734160
16775320
67060
17534880
1562799
54
20
17070040
460
17534320
740
8595318
17258660
16
4940
18500360
119
780
16955120
1840
16904180
1090718
35479
16202900
19
56
17979860
18
2300
17370240
17263880
320
382939
19
17420160
18182820
339860
264440
263540
18235560
18333620
15
17015380
17888220
7791780
17358680
17704440
2800
117
16
3637
841600
158640
100
17252320
17397760
18086540
18080960
177880
139
177
79
16
2118620
14
157
17603080
18377840
16978720
100
8558919
29840
17701680
70880
16607740
18171600
4060300
18145080
357
17
360
1937
17805620
1400
16890820
19
23518
17685080
399
100
17970440
3440
17819100
1421720
17376400
16417820
3679
335360
240
16733560
77
17609860
116
1658
240
97460
18060540
18444160
176
1780
17142280
1482137
3998
76
54
17444960
17360160
16728120
2139
18333060
17
998
2138
16935000
16686180
16329540
80
79
17455020
16
13
13
118
17838740
138960
98
17469160
18
15
18
16939140
16574720
17052380
17673820
58996
17
16519500
375280
16664620
38
1340
18
17669460
55
18102220
302159
17533960
118
30438
360
17066960
1420
5420
18318020
16674320
98
17
18275460
17420140
3979199
97
797
16563500
