854
12
254
178
372975
15
393990
408405
300
344
164
13
403095
12
370560
117
12
414480
375675
1485
44
373140
406815
411525
402030
384705
74
14
134
390165
385080
373935
401490
80910
390765
57
27075
409140
13
1545
369570
15
404805
408795
383085
162225
379815
43
380490
369570
367560
165
28
193
393765
395040
11
404325
369885
479
43
373485
382110
390105
368430
270
400605
14
412455
401850
449
12
180
401790
370275
12
374385
396495
29
133
367515
164
45
394410
387810
364980
402870
392235
377625
135
413595
389130
372675
379605
162
480
392880
20415
384135
30
32535
14
12165
392835
402765
386640
384615
12
43
386025
9885
387540
376560
6825
376485
380310
391275
103
384090
395010
15
6224
405540
59
225
381270
391575
360885
8039
402270
369705
387630
1200
41
374130
11
368115
176233
105
393195
118
14
375
9240
396555
10498
403005
411270
415515
11
377505
387420
89
630
381690
315
392550
89
283
404670
44
159825
401175
393690
11550
396675
370065
407010
1259
365235
394215
406020
367635
89
703
372945
401145
395220
390675
398355
14
384315
14
393570
41580
42
379320
356955
103
404205
399705
393720
73
408180
394545
645
414615
29
45
40515
87
391650
14
371655
8820
14247
383610
404430
371730
407805
120
13
14
313
408210
379050
401400
398505
389160
1289
375840
28
402060
58
400905
368745
393090
389
150
366255
12
75
412755
2384
30
384210
14
7275
372660
29
376260
372210
398985
408780
30
390885
406605
394890
173760
11
390480
195
368265
365040
387435
398115
285
171915
12
391545
388260
373080
386220
404580
402390
397770
414795
26985
373455
409575
13
195
1364
5790
269
405945
435
368415
380400
42
382815
402495
780
381855
75
379050
364470
374340
43785
385095
808
393315
389910
395655
330
13
120
45
210
165
73
12
388290
44
383505
434
344
369480
58
403755
14
369135
404985
409770
900
193
2895
569
366705
90
74
393720
388410
60
400710
270
410655
389865
410910
14
399045
18839
59
11
393690
149
398655
240
167805
394740
42
329
407925
134
57
415170
135
405240
180
197010
389805
404
26
376455
14
108600
382470
363780
765
15150
42
382995
398250
4500
840
5715
370785
378600
17279
411525
403620
23160
392070
393780
13
15
360
15900
1769
1513
13
382740
363840
374970
389565
345
59
15
11
73
224
375
11
376470
390945
379935
314
71850
27
361935
404
397350
381855
1604
366930
14
1590
15
41145
392970
13
373875
161
209
406875
164309
2325
372750
1244
375630
29
405735
383610
46905
206400
15
410835
11
401130
5940
195
267
4514
371745
399090
523
1965
379215
7875
44
449
42
366690
408570
413385
68625
366615
150
73
4050
378945
418185
391170
44
119
370515
43
148
28
990
408435
900
11
363225
13
15
150
415110
377055
373500
415500
30
27
368250
29
379905
1770
284
2325
399105
105
379200
1050
396990
30
45
89
400680
1620
21614
376950
409740
15
195
376560
387930
160380
59
554
374040
