7050
7950
7680
7870
7860
7450
7910
8090
7770
7940
7510
7820
7180
7550
7490
7820
7900
7430
7910
7710
7480
7750
7670
7970
7640
7700
7450
7950
7630
7680
7230
7310
7740
7880
7770
7810
7600
7810
7990
7560
7440
7100
7130
7780
7880
7300
7620
7800
8130
7870
7950
7610
7880
7520
7500
7420
7260
7240
7470
7670
7350
7580
7980
8040
7720
7160
8030
7580
7400
7950
7630
7410
7440
7710
7590
7620
8150
7850
8030
7690
7550
7610
7660
7610
7400
7950
8180
7370
8070
7230
7780
7770
7320
7330
8050
7360
7670
7710
8020
7870
7890
7520
7520
7610
7450
7500
7610
7740
8120
7860
7750
7390
7830
7520
7230
7720
7510
8160
7910
7800
7280
7810
7720
7430
7560
7730
7810
7800
7680
7330
7230
7740
7640
7470
7340
7470
7920
8150
7390
7750
7440
7850
7950
7560
7120
8110
7830
8010
7760
7800
7910
7640
7760
7220
7690
7410
8140
7560
7390
7630
7500
7810
7670
7720
7870
7440
7660
7710
7370
7790
7760
7900
7990
7460
7380
7920
7590
7320
7420
7650
7270
7760
7400
7880
7310
7170
8090
7280
8140
7600
7600
7590
7410
7640
7900
7350
7560
8110
7510
7720
7830
7860
7890
7510
7950
8020
7470
7080
6940
7430
7550
7610
7930
7560
7930
7810
7320
7480
7510
8100
7210
7600
7280
7440
7590
8090
7280
7790
7980
7250
7080
7920
7210
7950
7580
7810
7490
7860
7480
7540
7390
7300
7510
7910
7640
7420
7400
7760
7770
7640
7970
7480
7890
7110
7660
7290
7150
7290
6890
7530
7310
7880
7930
7200
8250
7510
7420
7990
7600
7660
7790
7480
7160
7600
7950
7400
8030
7970
7620
7410
7320
7950
8080
7890
7840
7850
7890
7760
7950
7180
6960
7710
7880
7550
7580
7790
6950
7480
7540
7630
8100
7950
7990
7290
7700
7680
7200
7440
7140
7200
7590
7850
7520
7720
7960
8100
7180
7730
7750
8310
8020
7990
8140
7180
7860
7770
7590
8130
7900
7530
7570
7500
7580
7320
7050
7470
7540
7340
7810
7660
7870
7380
7850
7350
8000
7660
7240
7670
7820
7770
7390
7260
7580
7290
7580
7710
7650
7800
7730
7740
7820
7360
7110
7420
7710
8160
7490
7200
7770
7620
8180
7390
7790
7560
7500
7100
7680
7490
7830
7380
7490
7180
7590
7770
8140
7230
6920
8020
7180
7230
7780
8040
7640
7470
7900
7230
7700
7080
7850
7790
7320
7550
6940
7120
7800
7200
7540
7850
7370
7690
7750
7910
8170
7920
8230
7320
7150
7510
7830
7070
7640
8040
7530
7870
7960
8020
7680
7150
7570
8030
8170
6970
7970
7540
7120
7450
7260
7620
8010
7400
7650
7920
7550
7970
7900
7980
7570
7260
7390
7510
7350
7600
7550
7630
7240
8020
7340
7980
7520
7980
7600
8070
7660
7300
7310
7670
7180
7140
7440
8230
7570
7470
7680
7740
7530
7320
8190
7600
7120
8020
7220
7670
7150
7280
7700
7780
7190
8020
7870
7370
7520
7360
7820
8220
7280
7780
7680
7450
7250
7010
