24
32
4
3
40
4
44
44
8
3
3
24
40
3
40
2
3
44
44
8
3
48
44
44
40
44
16
20
3
40
44
40
40
3
40
19
23
48
8
4
44
19
36
44
44
8
44
7
44
36
44
12
19
12
44
40
16
40
40
24
28
40
40
40
44
24
32
8
44
40
3
7
4
48
44
32
44
40
3
16
40
3
4
40
44
48
48
36
40
18
36
32
44
48
12
8
40
4
48
4
19
24
3
44
44
44
40
19
3
40
2
40
40
7
40
48
44
3
44
40
24
2
44
18
3
40
48
40
12
44
36
44
28
12
44
7
40
12
8
40
12
4
24
24
40
23
40
44
40
4
40
40
19
20
44
24
40
32
4
40
20
32
40
8
3
44
40
44
2
40
44
36
40
28
20
40
40
48
40
44
2
32
4
40
20
4
36
44
4
40
40
36
2
44
40
7
36
3
12
2
20
36
8
44
3
4
48
40
40
40
15
4
19
11
40
40
40
40
44
12
36
20
44
3
40
32
40
7
8
44
8
3
44
3
3
48
12
8
40
3
44
44
44
48
2
44
40
44
32
7
40
4
36
48
44
44
4
2
3
40
3
36
44
40
48
40
36
4
48
48
3
3
4
16
8
40
24
32
44
12
40
44
4
40
4
8
40
40
4
40
12
44
44
40
15
2
19
16
15
4
12
19
44
2
40
3
3
48
15
40
4
44
44
44
4
4
16
4
36
4
2
40
40
8
44
7
44
36
40
3
44
4
4
8
44
20
44
2
4
40
15
3
40
3
16
44
4
44
27
8
40
3
16
40
20
7
36
44
3
3
8
48
44
16
2
12
44
40
16
32
40
19
40
44
16
4
7
4
12
3
19
44
40
40
48
2
12
12
12
3
2
3
11
40
36
44
4
8
4
40
20
44
40
8
44
3
2
11
4
40
24
40
3
2
40
3
11
48
28
40
28
40
44
3
4
12
44
2
44
8
20
4
4
44
40
7
4
44
4
4
28
2
44
44
40
4
40
4
4
20
48
40
44
7
18
40
4
7
16
4
44
28
28
40
3
24
2
44
44
40
44
7
4
44
19
44
32
3
3
44
12
40
28
48
4
7
24
44
12
12
48
40
3
4
40
40
16
12
7
48
