19
18
149
27475
757244275
24
752250500
743167975
23
26075
14148
1000
700939175
17
698743275
3649
325
722787175
688656175
1237149
46
708530750
745647925
750994675
732916900
739040475
16
74
1574
685662175
702849150
749874825
728691150
40000
687327950
5550
391985500
706074175
18
10950
752248850
199
696842125
735293075
759732000
3125
749226250
20
710075575
729244600
684983475
9699
2875
18
717927725
758013350
6474
732085525
752336125
14523
575
717705125
716414650
713688825
738795275
200
711746425
47
759824425
688967950
123
3408923
74
679552800
687910025
72
727266975
697554300
146
148
748937050
3672
274
706811625
697607525
685407700
708490100
691829250
679198175
107774
713019650
690599725
756745275
746010300
3524
13950
709801225
73800
735855125
50
3749
69
27225
751569025
701741875
756044600
691277825
1850
25
701166500
11902600
706806700
740650875
316222850
739327900
707242550
748910250
8824
690404950
732945175
18
5966325
679709275
173
150
701917875
719156675
743738600
34023
663448000
660812375
747872825
891275
22
754312675
3800
753304825
31723
123
686549450
22
14150
17
122374
707833950
23
733916025
754886600
716767100
45
743865775
747280975
47
51225
726187350
1725
716751050
119
23
727338125
537974
349
682742650
746168625
46297
702116100
682425300
684981525
16047175
695977175
714746600
724612950
692004300
824
25450
704883950
689290950
713288025
712816475
744897550
2123
754354650
14475
704846400
23123
598
731495275
744446350
22
720857750
704498500
680255100
45
725486275
720734525
119450
692301325
5050
298
121625
200
689338275
19
742479525
8749
843049
678099950
740735850
766866375
692709200
21
124
507625
21
724804775
724925350
713436125
722688475
694963450
15269500
679943650
163073
720311075
2650
726094850
752009875
676829950
23
1105950
698935775
650
21
666152025
28175
2073
725771425
325
493697
730662400
23
741161550
720613850
747016750
671473475
473
678547000
698608900
708837725
2073
22
697854575
872
729101600
717932625
710363750
701384450
19
2696
21
685674325
713012025
700998175
703556675
742787975
731732725
749141475
699041575
9449
731006925
664118675
186146775
54198
82465025
575
21873974
667822325
2399
698582300
724803575
50
742071400
690725300
116050
711140050
131350
673053875
731317000
757163625
8524
684176275
73349
672468450
676471750
748215300
85539050
548
2870
1874
9582272
39550
824
1799
712994925
124
676510550
7797325
446350
693075850
8247
690871300
23
744790825
712623525
740120275
71
824
148573
52975
747288675
21
75
668336425
702581925
547249
683667225
66724
731604550
678328250
687427875
221521800
698018700
9547
1099
125
694342975
21
705093200
9173
7450
675471900
299
14467225
750527250
20
393775
742996650
25
698013275
523
75
732676525
23
375
727146075
49
1724725
746466600
694500650
22
466400
22
758628825
683520650
3256075
175
17866925
716215600
700809850
349
741603100
688992550
14900
704932300
750607575
996175
1322150
259025
18275
8899
532299
2172
739858050
723167475
726294000
746627625
17985074
25
1850
21
19
299
24
444
749104550
741416175
732224225
7400
6411350
211697
710802150
16851699
751927050
759922275
17799
747781200
674
27175
75
207147
735573850
10722
674691000
20
71
691591475
289350
25
703956075
64048
756140950
10075
744712850
703514525
9525
79662025
17
733856025
18
723894450
95
48
2849
1524
674274875
749916225
71
625
683386300
177798
18
171
170
681072475
751020325
715320925
6149
742548550
49
323
493550
712436450
731759925
736464675
1025
525
733228425
48
175
70
600
748446250
1275
1224350
741726050
24
300
899
750756725
744800825
728636350
678725875
374449
43
721602950
1410025
755430525
1774
369
573
754679650
20
738739050
7273
722352950
73
925
25982775
738624875
3271
223
698405075
706565875
23
25
685189200
736589475
3700
100
324
733188300
