18714
18216
25069
28721
26578
27268
14610
21615
26749
17445
29721
21787
31767
29608
21241
14981
25923
25078
28140
1936
22879
10567
28931
23023
26441
32125
25301
25892
1393
22400
13057
15844
14168
18157
28982
22748
23719
27843
23422
20599
20735
5144
7300
22191
21476
26974
28041
8100
15847
21850
909
18016
22067
18122
22122
25964
22796
20241
21970
2753
27326
19488
28392
24617
23104
24095
23209
14710
18239
20894
15148
18279
27969
17084
6161
19058
25850
26607
10534
25700
19069
20571
11944
33484
29758
28025
22493
29281
21055
12057
24171
23693
21521
15596
28153
23771
10903
23280
19414
25913
20243
4719
13678
23446
25411
22552
25845
28311
12116
15130
25566
30492
29701
23648
27612
18714
10498
13369
26254
27370
8373
15516
19165
21081
29753
14359
18803
16765
4325
22774
8431
25928
22411
15193
20547
24961
18674
30251
25608
25030
11694
20238
19687
6636
28551
15850
21278
26897
17940
21644
27979
6517
32464
22544
26961
3548
4385
21034
23519
20427
17598
19044
4946
6577
22394
26193
5372
6909
20668
26656
14878
18684
19998
16111
21661
10068
21934
27575
15203
29157
23850
2232
15124
26134
22982
30750
17095
29278
22950
16660
24057
29624
6580
24569
10327
18566
19132
22804
25462
31084
28292
2137
36468
20519
29158
10419
22117
24248
23503
19433
28060
22496
19387
22508
26558
9367
20786
17636
23493
17998
14005
12330
29813
26765
21288
27662
26666
17318
25145
4909
29715
24804
16452
27215
15617
21805
21936
15962
25941
22810
26937
8663
29728
22518
12768
25582
10436
32540
26492
26806
19453
31702
9410
23870
12895
24299
10865
29300
19818
10006
13268
4687
20983
26716
21178
24015
11727
26742
27993
20882
26922
23705
22034
12088
21395
17358
23055
12591
25192
20252
16468
19579
22032
25576
16999
1525
25843
6033
21005
21234
18730
22865
11444
22853
2217
32135
23975
13211
29121
25547
16641
20736
20082
28390
19656
29449
27240
10062
29426
29608
15584
24508
24723
18880
13397
22781
28011
24254
9664
26136
14559
12722
14591
21904
18974
26571
7921
25046
16324
22435
30037
20679
25370
24443
8656
2452
5445
20988
19255
22005
25213
25677
25920
15378
14753
28541
3176
4086
17948
14508
5174
18927
14110
25245
11464
26995
20550
30774
17549
8046
23237
11643
11283
20928
31448
21993
18627
9663
25329
16942
20374
5980
23341
18481
14656
24711
16666
6895
28058
11778
21061
19720
27098
7489
16498
17998
28601
13084
18547
13987
19659
28904
21720
20364
29054
18480
26802
3460
23096
12574
24325
25800
27871
26457
5365
27618
30146
25056
23109
22160
21982
30419
16836
25877
20384
16727
26338
21096
22612
11750
16816
21302
24729
4049
22542
11610
16198
23719
23701
25133
20806
13882
29967
11251
14526
19971
19317
20772
13101
26910
16504
23443
29038
8510
19068
26680
17055
26619
30541
33601
13796
27460
23223
2340
12747
1382
16890
17933
27695
27403
16617
27728
24728
21602
14585
9200
24433
30497
7668
27990
9577
14076
21472
15919
32670
17864
28538
22424
10180
23233
5071
25323
17675
24066
25852
28029
23881
23898
20150
29825
9718
13960
19798
9677
15781
26108
19024
10505
11631
15889
