17561
20949
26514
20845
19271
26525
27210
19650
10363
23370
19251
19549
10419
16018
30708
8752
20560
24589
24440
24417
12128
19371
28320
22767
22575
29168
28964
11722
22563
4627
24095
22409
24312
25567
21271
18595
25917
21341
13696
10863
21445
13808
15675
18791
17885
16493
20778
25501
18969
21561
9520
14649
28579
18117
20988
17745
13487
27658
25731
24902
21534
26185
18043
18218
15681
15683
25267
28944
21264
4454
24433
20384
24215
19611
7414
27779
20537
12188
21921
22053
21600
8417
4168
12616
23656
21301
8249
26574
13537
18386
22733
16487
5152
12639
20594
18731
26395
26430
25088
11403
12894
14326
23188
22176
19929
18528
7047
25899
12400
25420
8172
7900
17301
14603
19343
24546
7323
5594
3493
25569
10705
24974
22479
12423
13051
23503
22037
16729
21529
14486
26050
13386
24554
18640
17035
13811
24197
22671
23369
10706
4784
11333
25671
9458
23048
18679
7412
18742
24947
20184
22638
3931
8374
24742
17636
8346
19955
15751
26737
24950
9697
26722
27575
7332
9893
17769
13261
24594
8908
18571
30509
19832
19608
14176
21034
18385
11157
1914
14152
5807
12553
22347
10005
22078
18496
31330
14787
20431
18910
18041
5950
24612
17346
18578
17600
20230
23841
16059
17333
14503
17156
7602
10510
5646
9157
24781
24445
15440
21621
23026
19365
24074
27628
19258
23934
20126
23263
10821
16384
28199
10482
26199
19207
13684
26875
9324
6596
24750
16183
24368
13428
28544
21952
21974
8945
22164
21426
20635
20138
25520
11406
602
17095
18042
21473
22918
25147
24975
13610
17124
19278
14494
26409
11552
17681
13652
20737
11561
22087
20066
7483
6560
14012
18589
11547
11792
25602
10702
20443
22250
15737
21704
1806
25057
26743
19147
26395
23796
28066
25753
20490
12018
19370
17617
28078
21006
25238
9282
17047
26696
20591
13462
26552
19081
25145
13238
24651
24180
23795
21084
25085
21977
24277
13390
23668
22705
23013
16978
16001
25823
16580
16784
17175
9079
24830
5679
1513
21659
20442
13822
24125
8416
25381
19917
19065
25967
25740
22507
17514
19925
21227
20591
3796
25903
16380
10068
20678
13432
21165
25798
24971
11291
27066
11174
18361
11955
18177
20514
22592
16000
2409
12855
20833
24338
13867
18985
24072
13520
27711
22181
20933
23255
26778
18030
14156
24983
20766
21301
23858
3230
21477
11289
17079
22014
23237
21375
29029
8495
20914
5535
16863
24566
9746
22664
23081
2206
26815
18791
2451
27545
15552
30067
14390
24009
25228
27402
27207
17406
20608
23138
27176
10422
18706
33433
22900
20013
23126
11120
21840
23681
13812
20154
12694
25078
23311
18341
21095
20096
18464
26945
17155
15421
14807
22249
18212
8212
19737
21684
21118
28753
6012
25868
21553
23948
16183
19456
17007
19173
22636
23058
19710
20666
24123
15074
10367
22166
26145
23116
21632
19223
16061
16494
23017
17648
26894
18681
2151
17230
24281
19002
21981
22899
28197
24019
12124
19744
26098
22963
25698
10177
16946
19900
19917
14463
15259
18752
11
24526
23921
29006
18695
22054
10151
25036
27918
21635
12231
18516
13496
15100
20725
23189
23587
0
12450
4851
6256
23883
26504
16897
