1519
2621
2169
2709
4026
1078
3214
2493
3301
3041
1961
3018
3968
3363
2361
2838
3705
4795
4313
3527
2294
3095
3536
3781
2276
3813
3154
2928
2041
3875
3360
2514
3348
3748
4108
4043
2900
3034
4187
2669
2888
4286
1541
3820
3674
3094
2648
3268
4569
3381
3281
2323
4646
3989
2527
3901
4095
3836
3794
1695
3113
2787
4055
2476
2942
3812
1720
2540
2613
3163
2991
3453
3617
3965
3928
1989
4716
1981
2219
3552
3292
1832
2262
3028
4056
2950
2877
2759
2635
2348
3721
1165
3683
3602
3263
2657
3256
3171
3424
2453
4144
2936
3764
3304
3096
2953
3804
4003
4424
3063
3552
2208
3104
2626
3053
3665
4587
3262
2349
3507
4332
2916
4240
2308
3916
2038
3435
1950
3591
2583
2537
1757
3081
3618
1984
4501
2994
2986
3738
3223
4468
1658
3434
2599
3935
2364
3874
4260
2471
2024
2674
2541
4425
4316
2574
3693
3271
4456
2162
3351
1915
2684
3259
3128
1718
4114
3687
2804
2143
4110
4690
3039
3175
4167
3512
4009
2820
2402
2348
3301
3934
2696
1829
3052
3728
2783
2332
4124
3510
3040
3700
3850
3339
3625
3318
4067
2523
3354
3355
4440
2974
2924
3356
3941
1759
3375
4201
2735
3696
4723
3713
3170
2329
4182
2650
3427
2988
2907
4423
3522
4157
2549
3699
2678
2850
1925
2401
3941
3577
4145
3930
2810
4298
4086
2218
2989
3768
3660
2082
3066
3467
3150
3651
4091
3168
3414
3982
3960
2992
3717
2120
3265
2191
3070
4427
3560
1184
4135
4120
3309
2372
3516
4275
4041
2683
2474
3376
3019
3449
3495
3719
3249
4748
2746
3270
3289
3662
1842
4338
3557
3287
2879
2768
4000
3198
3119
2465
2948
2349
2446
3626
4881
2356
3081
3932
1943
4051
2904
2995
2593
2524
3947
3235
4722
2836
4325
1800
4675
3427
3885
3433
4374
3674
3323
3760
1787
3502
1995
2203
2985
3525
3556
3607
3148
2139
3381
2690
3366
2657
1879
3164
4140
3765
2892
2929
3186
4523
3929
1848
2079
4467
3200
2903
3078
2695
4907
2539
3507
1884
2207
3629
3156
2995
3883
3654
4228
2810
1899
3593
2964
4067
3395
3320
3794
2538
3172
4393
3537
3440
1477
3584
2424
3200
3580
2803
1972
3719
3041
4024
2568
2908
2973
4233
3315
3070
3801
3238
3634
2768
3976
3650
3184
3082
2952
2149
3458
2977
2665
1845
1524
3530
3804
3179
2327
3767
2359
2908
2771
1719
2235
4714
3842
3216
3221
3132
3874
4268
2928
3453
3352
3909
3474
3329
3029
1944
3588
2536
3900
3504
3546
3665
2905
3033
3492
3695
4492
2242
2773
4137
1892
4103
3701
3561
3967
3142
3583
3462
1245
3089
2718
4256
2633
2292
3992
2039
2630
1877
1491
3980
1355
3527
3067
2820
2145
3962
2714
2422
3923
4030
3623
4115
3670
1773
4017
2977
3971
4712
1743
2072
3508
4006
3715
3623
3986
2781
2082
3563
4110
3645
3610
2515
3141
2109
3577
2939
3404
3438
3559
2888
3727
