4823
1898
7010
5814
2128
2666
3598
3567
1852
9085
3372
6445
6520
3158
2881
2462
4575
6462
2504
6229
5147
5741
7198
8490
5675
11557
2703
5460
3923
2982
2200
4139
2521
4579
6668
2736
5700
7450
4150
4434
8021
9612
2320
21144
4980
5396
2984
2886
2787
7802
1300
3574
3347
4062
3393
3934
4891
4737
4402
5588
8350
11375
4851
5920
4753
4136
7150
9424
5587
7181
6686
3477
5329
4151
5023
4578
6819
1759
4899
3418
2880
3697
3528
10420
5656
5500
4859
4716
6929
6796
10807
2899
8092
2190
5134
4424
13978
4174
7933
5898
1243
1764
3170
6051
5670
2002
5445
318
5109
9443
5065
3302
7526
9114
10757
3980
6740
2587
2498
4151
2994
2368
2778
2211
6117
6007
4083
2354
2769
39088
6196
6107
11406
10665
4287
4250
2526
6593
6825
4106
4790
2453
7534
6583
5008
6764
5990
4862
5055
4267
4351
7448
8602
4456
