10050
13567
12533
13451
13049
15668
12945
14258
12322
13667
15228
15451
12342
13968
12761
14890
14942
14762
12897
13270
12964
11948
13558
14210
11634
12224
13152
13100
11559
13196
13147
13052
13718
16230
12515
12223
15567
14342
14722
11905
12549
12378
15336
14422
11804
12938
12726
14642
13334
13127
11176
15326
11463
14541
15847
10539
13159
13929
14096
13850
14904
12448
14445
12756
13726
16321
12870
11726
16060
12452
12309
13655
15558
12611
11678
14926
13532
14282
13401
13904
13412
13482
13154
12220
13227
13015
14236
12907
13063
11883
13209
13364
12461
11855
15565
12915
14375
14032
13357
10793
14400
13094
10174
14660
13308
13346
13887
14062
13032
13067
14967
12691
14191
13014
13710
11640
12508
12319
12517
14847
12964
13202
12945
12878
10846
13386
12475
10920
16005
13629
13627
14720
12653
13709
14676
14436
12563
14906
12662
12410
14045
11813
11022
11635
11486
12034
14182
12978
15870
11164
13938
12851
15000
12843
12831
12635
14928
14320
11178
13390
14895
10457
13246
13398
13972
13844
9768
13187
12020
13642
13655
16124
12358
14319
13664
12961
13379
12884
13921
13189
11799
12928
15414
12744
14793
14505
14044
9938
14145
12813
14558
13415
11699
15147
14740
15495
14024
13996
12930
11565
12524
10996
13229
11900
13556
13000
13276
12992
14413
16024
10880
13748
8436
13986
15256
10892
14633
13617
12808
16675
14419
16322
13662
14191
14756
12984
12329
12130
11283
11096
12148
15074
15831
14390
14305
14600
15542
14839
13536
14225
13664
11525
14750
13159
12382
15697
14921
12942
13513
12967
12347
16993
13496
12542
14992
12651
14712
12022
13429
13259
11090
12842
11585
13429
10633
13026
14471
11650
13943
13627
13425
12425
10673
10207
14637
12918
12569
11693
12867
14626
13348
14328
13930
14268
12678
13675
12803
11841
10545
12529
13484
13709
14189
12845
15215
14433
12642
13844
12367
12861
12902
14194
12054
14733
10977
13318
13956
13410
12654
13786
13127
13271
16151
14153
15119
11313
14601
18019
11896
10468
12088
11014
15611
15204
12576
12012
14210
14673
13306
11779
12350
11335
11934
14723
12468
13565
12266
13197
14292
13895
13451
12778
13461
9870
11833
14756
12505
14371
12476
15044
13723
13557
11641
13592
12343
13202
13824
10472
12348
11568
14876
12033
14595
13361
15969
12651
14898
11561
12506
14061
14165
11854
13256
13276
12099
12327
11450
11425
10522
16002
12814
12483
11047
15147
13075
12536
14831
13598
14203
12426
11418
11876
13151
13992
12907
10542
13131
12719
13977
11447
10647
14550
13245
9900
13549
12058
14220
15349
13993
13736
13821
13106
14535
15651
13681
15680
12967
13053
12004
13485
12951
11927
9470
13274
14853
12339
12758
15543
14229
13839
13672
12326
13401
14541
13622
14168
15243
11595
12037
12903
11799
13346
12029
17069
14031
11067
9711
13650
13158
12745
13589
15261
13452
12321
14637
10496
13390
10765
13142
10166
13435
11478
15112
11063
13471
13812
12608
12641
9641
13616
14724
11822
12082
12293
12115
14581
13339
14380
12550
13975
12961
12801
13041
11698
13568
11453
14857
13775
11991
10099
12793
14740
13385
16561
13217
12661
12043
11173
10832
15375
