1129
2966
0
70
2758
1641
4607
4422
3451
744
4774
1538
5798
3972
4117
2698
0
2453
3999
4919
2098
1382
4485
3611
3102
2551
3076
1649
2937
5798
4506
5893
2277
2689
2356
1209
0
3414
4899
2310
2024
2625
3331
3271
4966
1792
4753
3966
0
2717
0
3895
4212
523
4588
2986
3438
2090
4343
4469
0
2537
1235
4289
6226
4371
3162
4275
0
5282
2301
2861
2542
0
2904
3721
5098
3681
5150
1548
3244
5633
0
1872
6606
2533
2283
161
927
4527
3363
3770
1160
1910
5212
2751
3901
1487
4088
1936
5818
3402
1289
2691
2173
3248
3340
3497
5201
1867
5518
2413
3499
3517
5403
3213
2445
0
2993
3018
4255
4162
5875
2120
3619
0
4413
2364
3248
5691
2980
4369
1063
3557
4346
1822
2302
2006
1055
5086
1535
6234
2455
0
0
4255
4518
3482
2446
3000
3714
2483
475
3621
1777
4059
3232
4047
2444
2201
1118
0
3883
4042
1609
1314
3352
4900
6731
2489
2439
3785
4835
103
4005
2094
0
3683
3624
4842
3664
3798
0
4391
3600
3084
4249
636
2561
5838
3129
4846
4084
1181
3584
1991
6201
2525
3098
2965
0
2493
4392
0
2209
2230
0
1992
2582
924
3726
0
2063
3013
0
0
1742
1664
2403
2193
1648
2260
4656
1185
3714
1360
365
4730
184
6260
4385
5391
5007
5574
3265
2013
1598
5384
3796
1410
4660
5359
1462
2500
3195
3293
5771
3079
3429
4183
0
3458
2362
1545
0
1617
2857
3779
3231
3824
4733
5503
1874
4072
3958
1140
2722
2627
5977
1924
5039
3962
2307
2521
3216
4054
4788
631
4297
3661
875
2326
4845
0
3425
6263
1167
3583
5250
2664
1379
5836
4091
4659
3682
1745
3973
3620
2370
0
3488
2038
1691
5361
4215
2494
2488
3091
4642
4132
3391
3346
2268
3137
6542
1101
4756
2247
1712
2863
3700
0
4628
6067
4279
2679
3176
3162
2265
5239
2411
6225
4050
701
3649
2896
2488
2961
6125
1570
2331
2637
2560
3083
4388
4346
4628
0
3575
2564
4612
5103
2215
3130
1442
4826
3366
2311
2207
3260
2384
0
348
2164
5608
3533
3362
3610
3383
1499
3491
6871
2637
3842
0
4059
2463
1622
804
3824
0
6366
2024
2882
3214
4021
2385
2604
5235
4102
3640
3100
4230
4939
0
396
4642
3071
3785
2984
1839
3686
2376
3811
1980
1800
1360
2298
2400
1800
5135
4896
3688
3829
0
4611
2549
1425
5241
6565
3951
5362
5562
2606
5897
2381
1797
0
2724
2693
3457
3641
3591
1470
2614
4497
3951
4155
0
4421
5646
3790
4419
5022
2779
2772
2383
4574
3854
2845
4109
2798
3459
5566
3520
4276
4532
1921
2300
5758
4672
2718
2476
4205
2140
418
3991
3901
4071
2258
802
2792
420
4228
6555
237
0
3694
3988
3262
5488
215
3410
168
2122
2035
1652
4939
0
2933
4254
5318
2422
2178
2843
3106
4426
2145
2036
3687
