13383
16649
16292
7638
18175
4823
19142
20554
19936
18198
7079
11960
17760
14958
633
13365
6084
13728
18478
18705
18689
12365
16774
14864
13565
14756
10468
15738
19972
16148
16020
10617
0
17001
14872
10645
15789
8049
10259
18306
17431
9945
17653
9670
9343
14049
20707
5809
16613
14306
19732
12958
12993
11330
17675
16362
13005
1926
2000
9365
15023
21688
7478
11989
12577
4845
11439
15565
9301
15255
10735
14890
12029
8464
8363
19868
4268
17700
17520
9776
16423
19080
19264
17301
6301
4736
10501
18643
17542
12066
8185
15257
8584
14760
18470
15726
6817
9800
20414
16143
17339
24347
7328
14938
14899
8780
2390
23271
10604
13207
19936
17118
16532
21987
19123
16775
14266
15074
11394
18162
20020
0
3475
21345
16267
15145
17632
13490
11035
18327
7866
13306
16547
4437
13198
16437
3220
17999
12560
3286
7915
15829
4392
13310
16262
18832
16020
17985
9785
13653
1427
13036
14377
13185
4648
16569
17977
10533
11394
15581
14069
11804
8296
9085
13687
12304
20819
2775
19110
13083
6994
16108
19348
18571
16561
15478
8217
15713
7053
12637
9056
14687
6166
13397
9293
15526
13033
21645
20523
15391
12889
10947
17315
17065
15401
14957
9796
7728
16316
22810
7626
11020
17315
16962
12286
15246
9971
17115
9031
5985
12279
13221
11725
21292
17970
15436
11138
8222
18674
21130
18649
17496
13553
4496
19544
14087
14215
11239
16051
2326
12498
18621
11250
16863
12695
18585
2106
16830
507
13378
4909
1630
14213
8541
11641
23596
13556
16789
13345
19272
16040
12367
12367
10534
16652
18125
12065
19787
9993
8533
20102
3735
15911
5347
9338
18933
11595
6500
16025
19454
15354
18458
18824
6352
11143
22233
15858
18140
9986
22469
15534
17136
14404
9120
8336
19612
17244
17499
16460
17688
3542
14234
19570
17331
25129
7077
11848
15974
17606
9819
6634
4742
0
16437
18449
21261
7185
19712
14719
8550
19873
13122
6751
15347
11644
4397
13687
18496
6807
9150
13264
19213
12870
16317
13695
17830
15907
17675
14915
9330
16661
11044
20273
11676
20009
16027
17635
17045
13366
9838
4929
12976
18281
18162
8043
13636
16157
14326
12068
20075
16068
15236
15568
15249
13282
19532
2015
6229
18106
19713
17268
16531
21932
5147
20665
11593
5070
12196
21623
12988
6057
10122
7545
14683
16908
20454
7407
17584
23457
12671
14633
15550
16747
15594
6808
12707
18302
4437
14874
11759
10116
18298
18416
14135
12562
12360
6970
5443
15352
13318
17475
18128
3941
4466
14818
16573
15337
13835
9887
22314
7111
21921
22963
12188
16696
20819
11500
14531
9366
12806
17574
12136
6968
17520
10751
10538
18486
7841
10393
17476
18015
14046
7212
17656
9233
12937
17946
15066
13111
11868
18215
12610
17975
10068
17344
6014
6909
13769
4337
21803
18274
10868
18760
10362
10854
15161
24334
11297
11642
15672
9622
20498
1802
19630
14034
8020
1274
2171
10706
11482
13239
18428
9264
17402
18150
15190
8388
8812
14560
16250
4869
10348
12087
15328
15829
1396
17882
12194
1148
12249
14308
8895
17644
9045
19692
14010
18358
9268
16543
23252
