2743
3266
4851
5890
3759
3844
4997
6504
6561
3773
2250
4877
30316
8596
4349
7161
2877
5065
9086
4691
2802
6203
4957
8052
8807
8183
5256
5333
3316
2997
7348
4500
3408
4694
11415
34848
3436
4326
4528
7528
3702
7389
5812
2560
6378
21241
8145
6133
8878
6738
9098
7983
7399
3932
3105
3600
3343
3652
5536
4920
6391
3193
4098
6533
6152
6401
5566
75019
5386
6079
2979
7913
1684
6540
6105
6696
4229
5556
9314
4865
6501
7063
3786
3245
2402
1913
5951
7434
4770
5232
7792
7849
7227
6482
1484
10195
4002
3017
6747
1213
6229
2014
2330
4378
5998
4085
4153
4568
6969
11600
11455
11897
8476
4670
9698
4721
3628
4583
6268
2067
25862
4734
3791
8013
8305
5949
3424
5063
4895
6729
5481
6637
5248
4814
1770
8117
5485
6169
5655
7331
8608
1843
7846
10288
6365
2560
2738
4412
6214
2528
7287
1522
1780
13473
2903
1136
2976
4512
4686
6743
9129
6404
4682
3855
4878
5984
5255
6041
12647
2702
1367
6610
5352
4801
5726
7576
1078
13623
7339
6706
5004
6914
4166
2311
3945
4147
1411
7976
1702
4964
7489
3247
3836
4992
6350
6962
4780
7029
4687
4382
2097
10270
3302
2829
3311
7761
2165
5063
5663
3449
4923
4820
3405
5653
243425
4035
2822
6171
8043
5707
3070
4490
7990
3352
2256
2240
5624
2605
5623
1412
6385
4089
6847
7452
5840
5559
10439
2226
3511
3659
4219
7416
5791
7546
6076
5003
10029
3710
4776
4180
3407
4796
3986
3276
5105
3267
9254
7587
5155
3926
5896
4336
1319
4690
6355
8213
3886
6310
2345
6538
813
3796
8552
5901
3260
4671
1525
5768
4661
4711
8173
6335
2545
5672
5746
15275
2418
2220
4774
10220
7718
4164
2554
3435
4761
155890
