1207
3037
2256
8360
3487
3088
6384
4919
6540
1891
11186
3927
10802
4267
12485
3076
5474
4834
7649
1630
6232
3855
10120
5446
3611
6193
9277
177150
4404
1681
4126
3541
3493
7223
3508
6943
4096
6970
6737
4362
8816
2439
8430
3770
1354
4864
2188
3538
4286
1870
7178
2710
6154
17186
3802
4266
4475
2464
5917
3668
7284
7144
4480
5671
10052
7685
5047
11043
3467
8979
6068
1731
4383
4830
2352
3357
2457
4289
3424
4445
3504
1796
3708
1935
2877
26832
4295
2162
5101
3857
2995
3381
7038
2117
4727
7881
3681
1279
2881
3591
6925
4170
3213
2679
1018
4617
3107
7740
1946
1817
7281
2835
82810
5865
3014
3861
5893
2798
10819
7190
5886
6441
2269
10966
1770
24500
4224
4679
5359
4055
2501
4166
2995
6424
1486
3904
3658
6366
2064
5270
3481
3044
4422
2112
3915
2539
4361
5040
1273
1809
4311
1784
4314
5815
2569
3578
4654
11736
2661
4425
4631
4867
1483
5870
6116
14721
2962
6226
5728
167463
4468
2924
2982
3930
2643
2860
6083
6039
2534
3812
3864
2856
3002
14144
638
3053
4735
259327
6988
3438
5295
1978
4875
3477
2572
4911
4723
5188
5551
4348
3961
2097
2594
4854
5607
11142
1928
4737
2345
9280
4757
6426
3334
3896
3414
3019
4294
3723
1484
5827
5913
5117
4248
6136
3186
6806
4659
2008
7155
3977
2622
4399
2209
4187
9878
1407
3268
2149
5508
7925
4134
3983
2795
2577
4175
3290
2668
2257
11753
3968
3698
4767
2551
4266
3230
1283
5359
13334
2427
6265
5253
4279
1908
10314
3377
5488
5008
4264
5737
3963
3834
9414
17424
8180
4606
7626
7038
2147
5409
11160
12579
2729
7048
5097
3476
5610
21447
4225
9106
4348
1346
9509
5903
2626
24388
1140
3902
6420
2921
956
1630
2363
2422
5591
2608
2682
3490
4256
2564
2463
8615
4919
2768
3747
2577
3110
4906
2909
2446
1967
5944
3688
3710
10619
3428
550
4511
4773
4668
3436
10035
4439
3245
5961
2708
3671
1588
2903
11860
3670
4289
1632
2242
10173
4120
2700
3126
4957
2468
4179
84084
3359
9971
2035
75820
32824
800
3327
49329
5015
5819
2587
3990
5175
4740
3131
2582
2283
5614
4354
7412
17690
3754
2703
5826
4813
5764
2407
1914
4054
3733
2354
2975
4086
2419
3172
3923
4776
3057
7089
4334
1417
3859
2174
2714
6802
2683
4395
3199
52047
3168
2942
2041
2536
5005
1895
4104
2472
4624
1621
2340
6107
3171
926
4726
750
2740
6940
2082
7377
5651
5884
4401
4554
1451
3003
4543
7537
3644
2374
4460
3307
2097
5120
5921
2578
2495
1426
8837
4177
4369
4629
2704
2510
2372
4653
1406
3935
3348
4725
6199
3106
5284
6570
1476
2510
2271
2436
2767
4821
10782
6586
6515
5660
4302
4730
4270
5310
4799
4896
4469
3142
1692
2736
4509
7712
3567
5029
2097
2149
6280
5081
3845
5549
6909
2877
4925
5781
2372
1080
2027
2117
6220
3531
2880
2053
4192
9197
1721
7610
2225
5916
5119
8792
4304
4680
4669
3719
7767
24514
2081
3751
6073
3184
9576
6703
1995
2029
7812
3329
5348
8882
3377
3605
3178
3717
1813
7021
4201
5151
2986
4039
3704
2915
3964
5223
31037
27295
10622
6249
1899
2920
1555
3582
3175
4713
5475
3935
3429
11576
3486
42570
8385
2438
5023
6477
3717
2437
3820
4569
884
4603
3539
3235
4281
3693
5322
4926
5615
2657
5135
2971
14560
4326
4303
2232
2429
3438
4051
2142
3024
3318
1440
2088
2744
6118
3901
5020
4815
2675
4307
4933
3982
3930
5320
4956
8427
2933
2271
3785
1588
6153
4711
1395
2123
3899
5167
6255
3670
3696
4746
4299
3397
4613
5601
3392
5017
4846
5439
6219
4033
6047
3110
3804
2626
4276
4410
2660
3545
4138
3763
4420
5095
1817
1960
3734
17569
2431
8542
4861
8352
16852
4082
4796
4183
1893
2040
18030
270389
8861
4451
6275
7006
3309
2475
3235
3146
2197
5983
8025
4503
3009
2957
4202
4181
6459
4989
3083
8085
2144
2434
3918
943
2740
4097
8764
5640
1939
1002
2946
6350
1665
2545
2880
2572
3476
3920
2011
5049
4785
5230
6074
646
3344
9085
4753
3890
2046
3166
13840
3982
4230
2929
3373
1870
3031
4608
6515
1336
1005
3475
3498
19847
3482
1625
3300
2207
2955
5153
27227
3544
1232
5367
7201
3458
5268
3197
2779
5831
3399
11355
4299
4277
2757
7713
4095
5530
5724
3673
4236
3683
7729
2964
1821
4041
11480
2073
8258
5639
2601
4640
5788
6938
2241
1910
7525
6826
5548
8751
5337
5737
5713
6416
3597
2707
4045
4419
2626
3668
5050
2198
2666
5247
3986
6271
2300
3934
4213
2666
4205
5034
3270
2916
2628
4922
2006
3494
7470
2751
3669
2713
5618
3474
1915
2680
6623
3874
5692
3535
3055
2870
3001
1526
174002
3669
3578
3792
2063
2751
3113
5816
3339
2696
26004
7342
2585
5844
5863
2531
2457
3817
3245
3804
5111
4187
5730
3669
3544
7236
4662
4670
3913
8473
1682
2912
3651
4047
2669
4848
16575
3508
8037
2324
4643
5931
2192
3755
3950
3118
3282
5280
3458
4109
3461
8296
1722
2393
5982
5588
3133
7928
1683
2747
4908
3672
7023
9660
23006
1356
2348
2275
4592
11116
3960
2395
2358
4795
5609
2086
12451
6045
3644
4974
3452
13325
9918
4995
3988
2611
1040
1919
4016
3411
4969
4864
4310
3300
5170
3398
1572
5002
2646
4457
36518
3031
8259
4001
1617
2962
4684
5825
1703
3527
4164
3002
6142
4333
4203
3841
2837
4390
3813
3520
6548
3304
2381
1194
1966
2308
1124
27127
4512
4162
3874
2068
6617
2496
242379
4032
2623
2846
3263
4882
4428
51216
1598
11720
8514
2383
4881
2571
2335
4128
5567
