6515
7842
9119
8050
7726
9269
9119
9394
9776
7501
10069
9567
7461
9128
8953
10810
9464
9952
8495
8770
9542
8302
8879
9894
9352
9607
10466
7881
8537
8735
7292
8207
8373
10350
9058
6607
8876
7591
8900
8204
7689
7866
8754
9088
7900
8476
10141
8048
10749
9609
8264
6396
10433
9217
10307
10624
9654
7907
8195
7136
9051
9673
9274
9739
7994
7795
8917
8205
6682
11897
7981
9418
7108
8225
7856
9638
7082
10215
8877
10785
6890
7765
9221
9852
7419
9904
9282
9417
9673
7400
10212
8563
8253
9964
9121
10711
8505
8293
7318
10019
9839
7929
7616
8936
9514
10356
8921
8910
6379
8146
10929
8747
9316
8706
9014
9756
7710
9504
8222
9736
7385
8499
9321
8822
7797
9666
8676
8013
9170
7540
7456
8541
10433
8919
7976
7762
7462
10620
9633
8630
9049
9838
8922
7962
6482
9531
9040
7793
8099
5883
10053
8705
9935
8286
8789
8803
9678
8871
6920
9879
9976
9936
7752
8759
9633
7771
8807
8202
7623
8363
6947
8876
7873
9645
9246
8832
7514
8994
9299
8627
8682
6210
9376
8688
7145
8031
9988
9102
8940
9342
8756
10231
9227
7035
10334
10342
8255
11161
7669
8417
9689
8290
8738
7599
9365
7997
7712
7439
7713
8315
7522
8040
9190
9171
7960
9443
10385
7927
9962
9471
7108
10342
8417
9210
8052
9937
6403
10138
10026
8264
6805
10876
6974
11164
6937
7607
8648
10069
9101
8341
10411
6405
7075
8026
8019
8280
10265
6972
10647
10450
8777
7829
10072
8666
9212
8417
8217
8672
9157
10524
8006
8771
7764
6917
10094
10658
6755
11079
8612
9000
9576
10200
7904
7099
8989
7718
9402
9355
7656
8046
8026
10874
10347
9365
10028
10181
8769
9233
9347
7655
6834
8293
8004
7681
9629
8201
6561
9826
8509
9348
8182
8849
7922
9813
11972
8202
6043
9028
7395
7121
8801
8911
10716
7098
7423
11074
8509
8486
8650
12268
9331
8930
11777
7939
10316
9024
10231
9802
7671
7468
8217
7364
7616
8120
7325
8105
10038
10631
10709
9209
9993
8790
9357
10124
10416
9795
8312
10194
9660
9798
7844
6819
9983
9047
9155
7711
10297
10355
9318
9165
8809
7951
8352
9532
7147
11742
10624
8264
8948
7652
10561
7116
9498
10341
7152
7870
10715
7916
7855
7586
9161
7449
8828
8323
6645
7481
8884
9631
9307
7778
9764
9156
8969
8428
6056
8582
7896
6013
8055
9780
8316
9590
7238
8019
9202
6963
9915
10249
7719
9573
10475
10136
8274
6321
10926
8129
7994
9304
7458
6870
7368
8166
9304
9801
7959
8961
8927
7332
10887
8681
10572
7646
9955
7768
7458
9866
7996
9034
8429
8712
7898
10386
7687
7849
8344
8604
8671
9726
7506
9898
8690
8612
10593
7822
9575
11511
9527
9548
9078
6707
10013
11672
9440
8710
6010
7105
8458
6366
10123
11888
9391
7505
9402
7459
9277
10046
9994
7210
8591
9207
7934
9035
6324
8577
7727
11173
8308
7022
9551
7849
10435
8077
9719
10026
6388
10096
7598
10420
7964
6436
