5370
1357
11231
14190
11668
9749
10641
12243
5321
9767
5011
7154
8706
11262
6284
3226
11760
7397
7761
10479
2483
9386
10754
11300
10016
10721
5123
2245
14648
13409
11287
5418
13027
8835
8493
3186
10424
6494
7330
5518
5151
6460
9728
10479
9939
13003
11774
7515
4577
16793
4380
12044
8185
3487
10222
11464
8685
14732
10774
10648
0
6576
11649
8898
11763
8797
7170
2630
3468
8535
9722
10315
10006
8326
12257
2463
11961
10412
4241
13345
12922
7289
10500
7059
15312
7906
10836
9606
5474
1976
9323
14950
4739
8644
10485
4593
5707
12683
10922
7660
5035
9901
2332
6818
6875
8847
3558
10068
8848
4015
7388
13610
11426
5131
2686
9601
4452
7322
10783
10382
5100
4771
7129
11348
10056
11660
6274
9145
9399
7498
12822
9701
2827
9197
15098
3308
7720
1615
8915
11362
6203
13150
4007
8981
10499
4274
8841
7575
11998
10354
2974
7360
8733
5589
12273
7476
11740
9216
10007
15810
8109
7967
5777
4943
9228
8178
5217
13942
11756
12830
10141
9867
2078
5584
8226
3713
8132
11821
8807
15388
8183
10612
7239
11773
8236
9245
7919
12254
15926
5072
2824
15090
11650
13622
11574
4529
14131
11274
8484
5986
12123
2258
10599
2604
7983
7379
10139
4356
7204
11227
0
5460
10576
11026
10389
11349
9627
3161
2301
1200
5469
11996
2283
11521
11274
15336
510
4779
14013
9927
10738
7899
9164
2178
8221
11419
11504
7227
5669
14326
9108
13477
10182
6419
2059
13196
10898
2775
10614
3025
2878
6854
4367
9113
15225
10873
10400
7428
8198
4683
2872
6488
8270
7584
13839
13267
6985
1960
6553
7263
5660
7189
5371
8721
11762
7506
12725
6570
12154
775
13913
14852
8637
10883
12174
2873
2319
8004
9903
10142
10493
6818
6378
12113
11140
11641
3071
9105
8798
13150
7984
0
6515
867
5502
14158
9536
6377
6697
4515
12838
15045
8961
12926
8678
13835
4692
9202
10244
5610
6395
6998
8172
13192
5058
14609
13633
12671
7140
10192
8573
7824
6351
0
7466
7985
8745
16166
14536
9681
9940
8327
12078
6432
10490
8063
6463
7345
7940
6347
3031
11504
13810
11434
929
7102
7725
7965
3908
2305
11627
13296
8842
12173
2827
8574
12038
13928
9517
8181
11175
8010
8478
13108
11787
9426
2294
9161
10947
6665
10005
7226
9099
13030
11824
12399
3510
5468
11958
0
5657
13120
9366
9150
13761
5719
10272
9377
14064
14234
9089
2504
12805
13295
8448
10131
11301
7280
6793
11249
10747
6317
10103
7835
9325
10645
0
8150
4323
10089
2395
12145
0
4862
12078
6089
3089
11780
7753
11689
7371
11409
9726
10809
16476
10288
3400
6533
6157
8385
11261
11646
8081
12664
5641
10530
11311
12020
11080
8047
5619
6156
1640
10546
8346
10736
8458
10006
10611
11432
11957
10310
13244
7703
8963
7972
5339
6028
2577
10023
9022
7426
8282
4909
10110
6816
12608
8196
6010
8784
6879
15066
0
7848
10139
9171
8673
8331
7981
5439
15230
7273
8367
12558
13642
10739
13162
10609
1601
3869
