6515
7842
9119
8037
7726
9269
9119
9394
9766
7501
10061
9567
7461
9126
8953
10807
9464
9952
8495
8770
9542
8302
8879
9894
9352
9578
10465
7881
8518
8735
7292
8207
8373
10350
9058
6607
8876
7591
8896
8204
7689
7866
8754
9088
7891
8476
10141
8048
10739
9599
8264
6396
10433
9217
10307
10624
9654
7883
8195
7136
9028
9673
9274
9739
7994
7774
8900
8205
6682
11897
7981
9418
7108
8223
7856
9638
7082
10215
8877
10785
6890
7765
9221
9852
7416
9890
9282
9417
9672
7400
10212
8563
8248
9964
9121
10711
8505
8286
7318
10019
9839
7929
7593
8936
9514
10356
8921
8910
6379
8146
10929
8747
9316
8665
9014
9756
7710
9504
8222
9736
7385
8493
9322
8818
7797
9666
8676
8013
9170
7540
7442
8537
10428
8919
7976
7762
7462
10620
9633
8630
9049
9838
8922
7945
6482
9531
9040
7777
8099
5883
10053
8700
9917
8286
8789
8803
9678
8862
6920
9879
9976
9930
7752
8759
9633
7771
8807
8202
7621
8363
6947
8869
7873
9645
9246
8832
7514
8994
9299
8627
8682
6210
9370
8688
7127
8031
9988
9102
8940
9330
8756
10231
9227
7035
10334
10342
8246
11148
7669
8417
9689
8290
8738
7599
9350
7997
7712
7439
7713
8315
7522
8040
9190
9171
7960
9443
10385
7927
9962
9449
7108
10342
8417
9210
8052
9937
6403
10138
10026
8264
6805
10876
6974
11164
6937
7607
8648
10069
9101
8341
10411
6405
7075
8026
8019
8280
10244
6953
10647
10436
8777
7822
10072
8666
9212
8417
8216
8672
9157
10524
8006
8771
7758
6917
10094
10658
6751
11079
8612
8995
9576
10194
7904
7099
8989
7718
9402
9355
7656
8042
8026
10874
10347
9361
10028
10155
8731
9225
9347
7655
6834
8293
8001
7681
9629
8201
6561
9826
8501
9338
8182
8849
7922
9801
11959
8202
6043
9015
7395
7121
8801
8911
10716
7098
7423
11070
8509
8486
8650
12268
9317
8930
11777
7939
10311
9024
10231
9800
7671
7468
8208
7364
7616
8120
7325
8105
10038
10631
10709
9209
9993
8790
9357
10124
10416
9775
8312
10185
9641
9780
7844
6819
9983
9047
9155
7711
10288
10355
9318
9165
8809
7951
8352
9532
7147
11742
10624
8264
8948
7652
10548
7116
9498
10341
7152
7857
10715
7896
7855
7586
9161
7435
8828
8323
6645
7481
8871
9631
9307
7767
9764
9156
8969
8428
6056
8582
7896
6013
8050
9780
8316
9580
7238
8019
9202
6963
9915
10246
7719
9573
10470
10121
8268
6321
10926
8129
7994
9304
7458
6870
7368
8166
9304
9801
7959
8956
8921
7332
10887
8681
10572
7646
9955
7768
7436
9848
7983
9021
8429
8712
7898
10386
7687
7843
8344
8604
8671
9726
7488
9898
8690
8612
10593
7822
9575
11511
9527
9548
9078
6700
10013
11672
9440
8694
6010
7105
8458
6366
10123
11863
9391
7505
9402
7459
9277
10046
9974
7210
8580
9207
7934
9035
6324
8577
7727
11173
8297
7022
9541
7849
10435
8070
9719
10026
6375
10085
7598
10420
7964
6436
