10050
13567
12533
13440
13049
15668
12945
14258
12297
13654
15228
15443
12342
13968
12744
14878
14942
14762
12897
13270
12946
11948
13558
14210
11634
12220
13152
13100
11559
13196
13147
13052
13718
16230
12509
12223
15567
14342
14722
11905
12538
12378
15320
14408
11804
12938
12726
14636
13332
13127
11176
15326
11463
14541
15847
10539
13154
13929
14096
13850
14904
12432
14445
12744
13726
16321
12860
11726
16060
12442
12309
13636
15551
12611
11678
14926
13532
14273
13399
13898
13412
13482
13154
12220
13216
13009
14236
12888
13063
11883
13197
13364
12461
11840
15555
12915
14372
14032
13357
10793
14400
13094
10174
14654
13304
13340
13887
14062
13014
13047
14967
12691
14191
13014
13707
11640
12508
12319
12512
14837
12964
13202
12945
12878
10846
13386
12475
10920
15991
13629
13624
14706
12647
13708
14675
14432
12563
14900
12662
12410
14045
11804
11022
11634
11486
12020
14182
12971
15870
11149
13938
12851
15000
12843
12831
12635
14928
14318
11175
13390
14895
10457
13246
13398
13969
13834
9768
13177
12020
13642
13655
16124
12358
14319
13659
12961
13379
12881
13921
13189
11794
12916
15414
12744
14793
14505
14044
9938
14145
12813
14558
13415
11699
15147
14740
15495
14011
13996
12930
11565
12524
10996
13229
11900
13556
13000
13267
12992
14413
16024
10872
13748
8436
13986
15249
10892
14621
13593
12808
16667
14419
16322
13662
14183
14742
12984
12329
12130
11274
11096
12138
15074
15831
14390
14305
14600
15542
14839
13536
14225
13664
11525
14750
13159
12382
15697
14913
12942
13513
12967
12347
16993
13494
12542
14992
12651
14712
12022
13429
13259
11090
12842
11574
13424
10624
13026
14471
11650
13935
13627
13425
12425
10673
10207
14612
12918
12569
11693
12867
14626
13324
14328
13921
14257
12678
13675
12803
11830
10545
12517
13484
13709
14189
12845
15202
14424
12642
13844
12367
12861
12902
14171
12054
14732
10977
13311
13944
13406
12654
13786
13127
13271
16151
14153
15108
11305
14601
18010
11896
10468
12088
11014
15604
15196
12576
12012
14201
14659
13306
11779
12350
11335
11934
14715
12468
13565
12266
13190
14292
13895
13451
12776
13461
9870
11831
14740
12495
14371
12476
15031
13723
13557
11638
13592
12343
13202
13824
10472
12348
11568
14876
12033
14589
13346
15967
12641
14898
11561
12506
14061
14165
11847
13256
13276
12088
12327
11450
11425
10522
16002
12806
12483
11047
15147
13075
12536
14823
13582
14194
12426
11418
11876
13151
13988
12907
10542
13131
12719
13957
11442
10631
14534
13245
9900
13536
12058
14220
15349
13993
13736
13810
13106
14535
15651
13668
15680
12967
13053
12004
13485
12951
11927
9470
13273
14847
12339
12750
15531
14229
13830
13666
12319
13401
14541
13620
14168
15243
11595
12033
12903
11799
13346
12029
17069
14024
11067
9702
13650
13158
12745
13589
15260
13452
12321
14631
10489
13390
10765
13142
10166
13435
11478
15099
11063
13471
13797
12602
12635
9637
13616
14724
11822
12076
12293
12115
14576
13339
14380
12550
13965
12959
12801
13035
11698
13568
11453
14840
13775
11989
10099
12793
14740
13385
16561
13217
12661
12021
11173
10832
15370
