3691
0
10565
11997
7858
5999
5664
4416
1437
4878
2394
707
4866
5300
1657
0
10020
4923
4395
8493
0
4490
5172
5306
9054
6782
1235
0
13131
10385
10546
147
13027
5866
8319
911
10108
1424
7199
2115
3416
951
9713
3638
9859
10693
7612
2957
2480
13324
1116
10946
6225
0
5173
11161
4623
14503
5802
8677
0
3452
8526
8154
11763
4390
3769
0
0
6401
7021
7491
2104
4403
6821
2195
10410
10412
0
10096
9939
3563
7759
6475
12950
7429
2501
6561
2976
0
9323
11093
1506
8644
9711
3464
1106
11088
9442
321
1406
8151
0
3435
1776
4344
1690
8568
1054
966
6815
8163
9835
3681
2124
7540
2158
4062
9287
8773
3302
4542
2959
7102
6496
11660
4523
8658
4403
3898
11054
3501
0
3614
13270
529
528
0
6417
8740
2142
13150
686
5984
4197
335
7328
4663
9663
5833
802
3737
5327
2394
10580
6077
10530
4221
6583
9123
5829
7391
3083
2252
8930
482
2750
11660
5380
11935
7645
6087
0
192
5014
1527
2037
8459
7330
14052
5992
8269
4933
9120
3676
9245
2797
10263
14429
1710
195
11692
9512
11544
5861
2275
14131
8570
5920
4006
6968
2258
8284
902
5727
5072
9939
4356
6779
6355
0
0
10576
8246
7284
9716
6536
3019
2301
0
5132
9840
0
8594
7319
15009
0
0
9784
6908
3712
4629
3953
0
1674
10149
8488
3716
0
13122
5488
10956
5299
824
0
10969
2432
0
7388
2265
0
1728
925
7115
9633
10506
8989
3393
4408
2136
0
1782
6030
2142
9098
13240
6449
1827
3841
1240
3205
1615
3660
8432
9685
4976
9003
4771
10296
0
12994
14209
7574
4303
10118
2873
432
3289
8968
7586
6448
390
5386
11323
9438
10219
1078
3465
5363
11425
3955
0
3006
0
3340
11875
6996
5485
4193
4515
10859
15045
7343
12491
5941
8092
2491
7718
8074
366
3145
4050
2827
8677
3784
9995
12124
8638
3080
10192
4307
5180
4611
0
6337
7967
2715
16166
14536
5765
1101
1364
11039
2892
6137
3104
5152
4604
4961
5089
2537
7299
12350
8941
0
5575
6117
4168
2463
286
11095
13296
8568
10457
0
5949
12038
12548
8234
3837
7161
4391
7105
10175
10162
7031
1418
4374
9207
4410
5193
4640
5489
7935
7055
6636
0
4118
9942
0
2958
13120
4671
6455
11534
2045
6412
7643
12417
11763
6847
0
11192
13295
7440
3194
8253
5179
4449
10550
9917
2492
6451
6321
8039
10453
0
6875
3981
7220
1857
6478
0
0
7337
4508
227
7336
3865
8423
1701
6788
8626
9154
16476
5749
976
551
4719
5932
9828
11641
4137
8362
3349
9482
9670
11130
6962
3663
3169
4641
1531
10546
4065
6541
6662
10006
6935
11432
9241
7140
10983
6025
3580
2486
3517
3075
0
8146
4222
3283
4672
1876
8253
3754
6508
2968
2489
4248
2196
8687
0
4376
4722
6921
7788
5596
1255
1842
12951
30
7762
11484
11881
5094
11388
7966
1263
1757
