10150
4970
16467
24991
24430
23133
4173
14314
21869
6057
29721
15325
20858
25425
14475
7777
16518
15102
27312
0
11327
5080
23461
13269
19093
31242
23747
25184
0
17232
8637
12425
6454
8518
15830
16860
22032
27640
17045
14036
7711
2265
3602
18796
19275
19049
19941
5350
10810
14583
0
10888
15273
12708
9828
18899
14352
12027
12461
1255
17255
3726
19703
16848
18157
13757
20652
10889
12465
13965
8248
14629
20568
9876
1988
7535
24942
25665
2474
18419
8500
19939
2106
32538
25002
26303
15817
24045
13887
567
21131
15510
12537
6224
25879
19696
2368
15976
13309
24055
9394
336
6229
18165
16562
15353
23951
21014
6465
6472
23652
22999
27703
16184
22958
10450
461
4384
22850
25248
5628
10664
15877
16548
26578
6889
10736
4952
0
11704
0
18250
12150
4894
15256
19530
13134
28725
21450
22191
2632
11722
18900
0
22826
13481
17918
20949
8019
16666
25864
1937
29614
20921
25272
0
2413
13224
19617
12695
6812
6098
2804
2799
15539
18121
4084
2050
16843
14972
5641
9771
12651
6916
17727
2993
21151
20320
9553
22407
14632
0
7081
18140
18070
30750
11653
17296
21954
2930
14178
27285
0
22343
4254
14028
10267
17504
17101
30176
25817
0
33126
16730
25218
2253
19026
14699
18504
11995
25864
22134
12764
19855
19928
0
11412
11170
15988
8127
5468
3683
25410
23506
13487
24573
18440
4471
14161
171
27037
16228
11719
27138
12036
20507
10110
7862
17777
14968
24351
1800
26674
15810
5664
21148
2857
30707
19260
25984
9624
30084
2750
19821
6445
19777
2406
20063
9856
812
9325
96
20676
19255
10963
17107
2881
18572
22893
11717
23034
19951
15322
6357
15236
5461
15468
3500
14654
15561
8962
14345
20958
22905
7773
0
23403
2189
16296
14440
12404
17252
1637
11587
0
27960
16300
5409
28969
25129
13356
15068
9581
23963
10142
25948
23813
1022
20996
27196
5576
22033
19937
11381
3502
13042
24305
22391
2346
18527
9610
5149
7689
14217
15644
19111
0
19811
8213
15121
22726
17088
19382
14778
786
0
568
16674
12787
13305
25213
21509
16657
9437
8295
24744
778
1000
13452
4903
1285
6434
7661
18856
3088
23502
10696
27289
9577
0
20856
5421
178
12787
30364
7947
9784
1873
14887
4905
12511
0
13911
10658
1684
13717
11779
1684
26305
7062
6299
9951
21874
2432
4245
7222
28568
2560
11632
7019
11945
24630
12684
13442
22352
14971
19662
0
17756
5662
20908
22363
15694
23889
940
21608
25493
18266
15469
16722
14946
27923
9194
16776
15435
4299
22465
11409
21941
2311
11911
13421
16916
0
12533
2818
8755
21562
19264
20834
10739
1133
25435
2909
10923
8423
13485
12231
4882
19051
9726
21499
21226
2247
7431
25510
5949
24438
28858
31711
3166
24952
17013
0
2732
0
7959
9687
23063
22166
10525
18242
22049
11481
6019
2429
24187
27031
3083
21659
4003
7133
18956
7403
30331
8336
19619
17043
4256
20457
0
21517
13722
17295
16323
27025
19086
19157
10183
25863
3730
5975
7216
3498
7934
24245
8940
2106
5586
2926
