0
0
0
5890
0
911
2115
2480
0
101
0
1406
30316
1690
966
3681
2124
1661
0
529
0
2142
802
0
7330
2431
195
575
2258
902
5072
4356
602
2301
0
0
0
2265
0
6363
3702
3205
0
432
2227
0
3340
2491
4611
2892
3104
2537
4571
2463
286
0
1418
0
4118
0
3981
3193
227
551
4719
3169
5566
1531
3517
3075
0
1876
1263
3722
2323
2647
3388
3745
4767
4142
1829
2296
1180
0
2329
0
0
3159
1223
0
5327
3446
499
1557
0
0
2466
1624
0
787
3766
0
0
1130
3082
4085
170
1827
1850
400
5729
1142
4270
0
4001
3430
0
0
2891
0
0
3405
0
8013
0
2704
3424
1956
0
1809
0
6637
1127
0
1123
7080
0
2991
2722
6580
4084
0
1856
0
1846
574
0
0
524
0
1757
1522
434
0
0
0
1132
395
0
1594
7705
3922
0
2717
1275
1585
1620
2827
8436
659
870
0
5352
942
1727
83
0
12506
7339
0
0
336
351
1498
0
4147
616
3415
0
2865
4411
110
3836
708
1145
2114
2158
5540
4687
4277
1657
10270
0
0
0
2397
0
2087
0
0
478
3074
938
5300
243425
4035
2185
3722
4617
0
0
4490
3408
672
2256
0
4762
0
173
0
464
0
552
4358
4635
4684
4241
2226
2299
2090
1934
2319
5791
3188
4149
0
4112
1579
4776
3451
0
720
0
2135
3021
1460
484
3413
2651
1943
1816
4336
0
76
447
4121
1040
4203
0
2288
0
1705
2299
0
0
737
1403
4036
1693
1435
5856
2632
0
0
1687
0
0
1800
0
184
3502
0
2554
1374
882
0
