1463
2460
913
2709
3244
1078
3140
1342
1920
1802
1859
1483
3968
2357
2361
2834
3705
4036
4313
2316
2294
3078
3536
3647
2276
3813
3154
1603
2041
2719
1330
1218
3348
2644
2373
3536
2042
3026
2287
2669
2888
3149
1541
3311
3674
1503
2648
1770
3139
1703
3281
2323
3833
3388
2110
3713
2260
3711
2160
1437
1226
2370
2708
2476
2942
2564
674
1544
1258
2457
2015
2051
3617
2695
3928
1609
3048
1981
2219
3407
1826
1832
2262
2227
4056
2344
2877
2759
2255
1202
2688
1165
1597
3479
3001
2657
2205
1214
3424
2453
4144
2523
3764
3304
3096
2953
2234
2308
4424
3063
2197
809
1789
1758
3053
2083
4084
2270
1570
3404
3565
2044
3230
2168
3916
1001
1798
1176
3311
2583
779
1558
2399
3618
1984
4331
2994
2986
2186
2898
3087
1265
3027
1630
3420
1755
3874
2293
1974
1583
2674
2196
3609
2580
1806
2349
1835
3484
840
2288
1310
2164
3259
2633
1718
4114
2795
2096
1944
3272
4396
1717
3175
4011
1996
4009
1455
2315
2348
3301
3370
1718
853
1540
2459
2272
740
2373
1968
2092
1994
2452
3323
3625
1888
2527
2523
3354
1443
3728
1543
2924
3127
3899
1757
3275
2198
2125
3696
4723
2332
2940
2045
2596
2650
1763
2018
2906
4423
3522
2895
2126
1932
2659
2710
0
1670
3941
2277
4145
2337
2638
3316
4086
2218
2989
3558
3660
1351
3066
2382
2529
3651
3960
1888
2464
1696
2875
2166
1593
1969
2481
569
2887
2485
2923
251
3542
4120
3309
1906
2277
3913
3116
2683
2402
2413
2452
2466
3428
2309
3244
4748
2746
2788
3289
3104
1316
4338
3557
3287
2676
2657
2815
3198
1039
1684
2948
1955
2049
3270
2933
1877
1907
3932
1096
2967
2356
1868
1482
800
2596
3235
3669
1223
2665
1800
4636
3427
1934
2849
3916
3395
3323
3158
715
3502
1838
1359
2762
2372
2316
2842
2005
2139
1902
2690
3366
2222
1879
2070
3924
2051
1790
2407
2956
4523
2560
813
1131
2781
3200
2209
2998
2695
4907
2539
3507
274
1990
2583
3156
2733
3883
2560
3906
1786
1693
3593
2452
2802
3395
3229
1682
1565
1863
3306
3537
3440
0
3584
2311
3200
2843
2803
828
3719
3041
3853
2568
2648
2576
1884
1973
2681
2775
3238
2915
2768
3976
2239
1747
2909
2413
1891
2406
2977
1741
1845
1524
2950
2651
2266
1815
2971
1657
1849
2683
912
2073
3190
2135
3089
2432
1965
3874
2429
2139
2322
3352
3558
2123
1334
3029
1187
3190
2536
2103
2786
3438
2512
2513
3033
3075
1988
4434
2242
2362
2500
568
3177
3057
2080
3766
3142
2225
2138
0
3089
2651
4256
2633
2292
3980
1895
1007
1877
1062
3980
1355
3527
2078
1243
2145
3962
2714
2121
3923
2798
2074
2805
3423
1773
2598
2318
3087
3529
1743
1489
2818
3125
3715
3576
3986
2643
1856
2199
4110
2343
3446
1345
1956
1467
3577
2615
3021
1753
2660
1699
3377
