0
2966
0
0
2528
1641
4054
4422
3451
0
4774
1538
5798
2114
4117
2698
0
2453
2936
2439
2098
0
4485
3611
2773
0
3076
1649
2353
4813
4421
5893
2277
2359
2271
1209
0
3414
2446
417
2024
592
3331
2467
4966
1792
3405
671
0
2362
0
3895
4212
523
3463
2097
377
2090
483
4469
0
1916
1235
3061
6226
4371
2183
4158
0
3279
1719
2460
2184
0
1884
3721
5098
2267
2917
1548
3244
5633
0
0
6606
1958
0
0
927
4276
2949
3770
0
841
3748
2558
3901
1487
4088
1936
5818
3402
0
186
1222
3248
3340
3023
5201
0
3209
2413
1402
2936
5403
0
2445
0
639
1682
4255
3363
3952
2120
3619
0
0
0
2290
5691
2980
3615
926
1928
4346
946
2117
953
1055
5086
1535
6234
2051
0
0
4195
1224
448
2446
2938
3714
0
381
3621
1777
3471
3232
3406
0
909
1118
0
521
921
1609
0
3352
4900
5957
408
0
3785
4517
0
4005
1145
0
607
1276
1311
1711
3798
0
4034
2564
1999
4249
573
2577
4564
2210
2494
1016
0
3584
1118
6201
206
3098
1946
0
0
1161
0
2209
2230
0
611
309
0
99
0
1537
852
0
0
0
1664
2403
2193
1183
1121
4469
1185
1628
1360
365
4730
0
3780
2593
5391
5007
5406
1827
2013
1598
2758
647
1410
4660
3477
1462
2500
3195
3293
1763
2359
141
2171
0
3458
0
1545
0
1617
2536
3779
3231
0
4644
5503
909
1644
2342
518
1774
1855
4023
1924
5039
0
0
1788
3216
4054
2429
0
3524
3135
875
2326
4845
0
850
2857
1167
3583
5250
49
1379
4359
3531
4659
3099
1144
577
2856
2060
0
3488
2038
1691
1842
1607
2494
2488
2966
3831
4132
3391
2161
2268
3022
2626
1101
4756
0
1651
1790
1794
0
4267
6048
4279
1040
2427
3162
365
3315
2411
6225
2184
701
2157
931
523
2463
3273
444
1098
1312
2560
3083
2490
2262
2736
0
3575
0
349
5103
2008
0
565
4826
244
334
1068
3260
2184
0
348
1806
4459
1022
2016
883
3383
0
3491
6871
2346
2574
0
2201
0
1622
804
1662
0
5566
2024
2882
2834
4021
0
2604
4592
3527
1834
2744
3466
2486
0
396
1754
2536
2359
2984
1839
1994
2376
1629
0
1800
0
2298
2400
1575
4525
3622
3688
3829
0
4611
1487
0
5241
6151
3951
3907
4750
844
5897
0
593
0
2724
2649
3457
3641
3591
1470
1370
3904
3951
1833
0
2786
5646
2919
4419
5022
2779
2772
897
2935
3079
2845
3003
1523
1122
5566
2264
3452
4532
1561
2300
5229
4672
902
0
4205
710
0
3991
3923
1279
2258
802
2623
420
2150
5942
237
0
3124
1575
2768
2173
215
3272
0
0
0
1652
3166
0
1787
4254
1955
2422
1234
258
2070
4426
2145
0
2760
