7402
9555
5331
2492
17072
250
17940
18860
19936
18198
2858
6875
13138
11951
0
6142
1814
6733
18478
15671
18689
5325
12177
8495
8657
12794
2739
13948
14033
13583
10653
396
0
7387
6819
3355
11103
2176
8824
12995
14358
5806
16423
7037
6925
12725
18841
2841
13067
3072
14801
9052
9263
6177
13059
6278
6922
951
0
5943
13449
21688
5404
9408
7546
0
6351
5006
3858
12038
6570
13647
6985
4351
4520
16340
0
16715
15607
6421
14134
18908
13910
9892
2294
2465
3410
14268
14335
2286
5108
12432
3680
9286
13252
8882
3665
2838
20414
12710
14850
24127
5363
10958
4541
5358
692
22042
4015
7739
15171
12828
13004
21987
18729
7943
4705
14543
4812
10638
18479
0
1275
13302
12112
6206
15000
10194
7730
14864
1903
9096
12867
0
6912
14247
802
16317
8210
1337
7032
7910
0
8745
8621
14956
12100
17777
5147
10846
0
5428
11422
4479
0
12801
14243
2608
1709
12430
11050
9637
4278
7752
13330
3555
13458
0
12522
4724
1550
15553
16066
13955
11727
13669
3243
13495
2160
9960
5910
6484
815
10800
5783
8893
2402
17113
19093
15133
8927
3333
13728
15208
13781
9520
690
0
13097
18844
2458
3716
15218
12911
10617
14613
7662
9938
3267
0
6203
5743
6587
17285
11521
12163
7060
3004
14188
12515
18059
15048
4462
0
17240
10892
13511
2866
13446
0
7100
13603
8115
8144
9043
16132
162
15415
0
6505
0
0
5395
3995
11584
21786
8237
14332
11150
17456
16040
7756
7375
5687
11534
16640
8617
19298
6423
2051
18418
0
8318
1427
5648
17768
4887
3351
10633
19454
13466
14983
18201
2044
6781
21069
11473
12404
4942
20351
13734
10622
5040
5045
1272
17304
11571
16710
11964
13774
0
8459
17989
15039
20964
3790
3304
15582
15663
3233
5781
0
0
6100
18449
19353
1531
19712
11067
6817
15893
9067
3802
13150
6483
0
4909
14529
2611
4741
7326
17848
7538
6881
5335
15686
12645
16213
10216
2482
9280
7424
15856
7404
19210
6718
12452
13078
9350
2472
1447
10548
16612
14980
5014
7816
11123
11011
6171
17483
10747
12671
14626
10562
6958
19220
0
6035
14940
17713
13407
11878
18835
2448
18511
10340
375
7980
19869
5343
2386
6134
2406
6477
13071
14771
1498
8579
22776
8829
7047
9857
15286
10910
1697
6480
17150
871
9970
7393
2333
14369
16843
8231
9353
6697
2750
1755
9466
7243
9620
17383
0
0
7157
11612
14691
7744
5457
21452
2412
18974
21662
8943
10019
15519
6470
8367
5452
10423
15626
3771
3216
16711
5917
6725
14486
1994
6699
8421
15638
8166
0
15589
2846
4339
16176
13156
9251
6313
12226
9396
16871
4091
12942
1426
1720
10602
0
19990
12424
3089
15110
3114
2656
11641
21352
7183
7380
12631
2429
20498
0
19468
7031
2125
0
0
2883
7860
10974
17441
4719
15827
10499
12581
5978
2444
11026
12188
0
6383
7138
6850
9748
0
15546
5179
0
9993
10039
2167
11589
2873
19692
9440
18358
4020
12349
21213
