1207
2528
1641
4422
1538
2453
2936
504
2098
0
3611
2773
0
3076
1649
2353
2277
4834
2271
1209
3414
3855
2024
4966
1792
3405
9277
2362
4212
523
809
3541
2090
483
1916
4371
375
1884
5098
2267
1548
2439
1958
0
927
0
841
2558
3901
1487
4088
1936
5818
0
3802
3248
4475
0
2413
1402
5403
0
2445
1913
10052
2120
3619
0
3467
2290
5691
926
1928
4346
946
2117
953
4195
2446
3714
0
381
3621
1777
0
1118
4295
1609
0
3857
408
0
4005
2117
4727
1999
3681
1279
1118
1946
0
2209
611
2679
1018
1945
1537
852
0
1664
2403
2193
1183
4469
1185
3861
1360
365
4730
7190
5391
2013
1598
1410
1462
2500
3293
2359
2171
1545
1617
3231
2995
6424
1486
1774
1855
2792
1924
0
3481
3044
3216
0
3135
875
2326
5040
1167
1379
3531
1784
2856
5815
2038
3578
22
2494
2488
4425
4132
2268
1101
4756
0
1651
1790
1794
4279
2427
3162
365
2411
3930
444
2860
2262
56
2008
0
244
334
1068
2184
348
1806
2016
0
6988
360
5295
804
4875
2024
0
2604
721
3466
1754
2359
2984
1839
2376
1629
1800
2400
1342
1487
0
9280
3951
3475
844
0
593
2724
2649
3591
1470
2919
5022
2772
897
3079
2845
2264
4532
986
2300
3977
0
4205
0
170
2258
802
2623
420
5508
4661
3124
1178
2795
0
1787
2422
1234
2145
11753
1575
1912
3331
2551
4266
1452
1283
1521
0
1970
4258
5253
2474
377
0
1434
5488
3716
2513
1553
1417
0
0
17424
2004
1830
7626
2067
2101
2085
11160
335
1706
774
3849
3358
3085
2383
738
2307
4348
1262
2395
5782
1766
1608
1004
1775
3627
2732
0
1580
1481
2422
5591
2317
2682
2841
1446
2564
1485
1630
4441
674
1818
1563
1287
2470
1680
0
1293
0
0
1756
3619
232
408
1930
2986
4601
3436
6082
868
249
1746
2708
2319
158
1878
0
1850
3045
1442
2242
2134
4007
2700
2560
4561
2468
1683
84084
440
965
1503
75820
32824
388
3327
49329
0
1548
1848
0
4395
4740
435
357
1903
383
3171
7412
17690
2509
0
1703
0
5764
0
11
2332
2808
0
2389
3461
1779
2134
1292
1899
3057
5336
2801
1038
3752
1415
0
4202
2214
4395
2085
1513
2786
2939
2041
0
2197
446
2394
1855
4603
408
369
3960
3171
358
2319
621
755
187
830
3164
5651
4355
152
2133
902
0
693
1783
316
1997
0
1554
795
796
5921
1051
509
1426
0
3667
2294
1011
2369
2118
1221
2403
1334
3050
1604
4725
5405
1852
3708
1873
278
2250
2271
267
378
4821
2281
763
6515
1465
2340
3778
1659
1221
1030
4255
4469
3142
0
0
4054
1006
3567
2445
0
1471
2393
5081
3845
4504
1711
2501
771
4771
990
1080
932
1537
526
1720
1190
659
4192
9197
540
7610
1947
1130
3845
0
4304
3200
1804
1704
4133
1708
1665
3438
4115
680
9576
2458
1011
2029
7812
2491
2696
2394
784
3605
2959
3717
1127
5873
3018
5151
1662
1656
3662
2509
3964
5034
2287
27295
10622
0
1626
2920
1296
1776
2312
4319
0
1926
3429
11576
1743
473
1838
2438
2163
3660
0
0
3457
2312
0
3675
1763
2187
2380
3693
4853
3793
0
2504
4464
0
455
4235
3216
2232
2318
2249
4051
1094
2114
3196
890
1546
2381
4731
1262
126
2828
321
1921
722
0
3724
2064
4956
2483
2595
0
147
1444
0
4674
1395
1501
207
5167
3292
1752
3696
509
2190
1853
97
1979
2042
1642
4663
3489
5227
4033
5602
2936
2576
1170
2821
3512
2426
2306
2448
3437
2378
2208
1072
0
0
0
1346
4094
2046
8352
1498
4082
4732
3109
0
462
1803
270389
2158
288
6002
2179
1869
495
1721
207
2197
0
107
2466
1178
0
4202
3891
2284
4989
3083
1719
2144
1192
3904
943
2740
4097
2098
4459
168
501
2134
352
0
2036
2216
0
2957
0
1816
1945
0
795
6074
235
2370
9085
4567
2038
1993
3166
0
3982
2469
2929
2337
1870
1309
1812
6515
0
0
1622
3498
0
2323
0
2221
1709
0
1061
27227
690
0
3237
2211
1220
906
3077
1150
4286
0
2353
3315
2803
38
0
4095
5530
2043
1462
895
2979
1760
1333
1821
0
1640
0
558
4255
0
4640
4851
0
2241
1463
7525
4277
1233
2439
3640
5010
5420
4762
2235
2707
3168
4419
2241
1772
1854
454
741
906
2749
6271
604
3595
2394
2633
2698
0
2319
2916
1143
2405
976
3494
1811
1626
1609
2713
2374
0
1064
2457
6623
1523
2895
0
3055
1312
2765
1298
2135
0
2162
3792
2063
2357
2678
5442
3186
2054
26004
2242
2585
2025
0
2126
870
2499
2456
3804
3188
4187
5730
3669
3007
3262
1945
4455
3772
2252
1682
2563
3420
3438
2212
1924
1126
2339
1791
0
3391
2398
0
0
3950
2211
1792
2624
3166
354
1827
8296
1195
1181
3922
5588
693
1802
543
642
755
2034
7023
9660
2465
0
2348
1460
3012
1739
2310
0
295
3486
4120
681
2174
3860
1058
1679
2302
60
254
4330
493
2611
957
1533
1162
2007
0
2459
3392
1138
5170
2530
379
2449
1947
0
1796
1199
1752
4001
0
1439
1788
0
1126
745
1607
2455
736
3863
682
3795
1483
1140
2428
2532
3778
0
0
636
1749
492
0
27127
4512
2004
1531
1926
3028
2477
242379
3864
1828
0
3263
3252
3798
2328
1457
646
3137
2383
1906
1691
2335
926
5567
