13120
15438
16701
15788
16301
17182
15329
17195
18515
18007
17424
16517
18161
19175
16003
14467
14006
17301
14980
15562
13980
14944
16025
16402
17815
18576
13931
17062
18705
17683
14639
12521
19121
16428
15241
14332
18602
17400
13129
15836
17099
18095
14403
18324
17077
17767
15995
17087
17016
19482
14936
16920
17928
13930
16947
16657
14735
17988
17273
16925
14070
18320
17279
15396
17315
14949
14235
15882
13490
17116
16179
15424
15689
19008
17945
12195
17315
15917
14953
16825
14892
17788
18106
15387
19085
16163
14809
15057
15308
15065
15995
16319
15633
15305
16968
15061
13898
16991
16018
15623
17659
16536
17154
16100
17456
16119
13910
16941
13603
14678
14602
17099
17279
15968
18166
16834
16857
16467
16666
17822
13794
15945
18773
16337
15976
18804
12578
16522
15389
16444
20844
14476
18041
15220
15548
17500
15801
15550
16516
18443
16320
18176
15164
16167
16210
16092
13997
18675
20387
17033
17578
14740
15000
15480
16910
16035
15667
16390
17363
20737
13235
14159
16048
17487
14619
19137
15596
20919
18628
19202
17652
17349
13767
14670
15132
12787
19950
18313
18276
18319
18314
16673
17327
17753
15889
16083
17483
18850
15936
14699
16449
20223
17499
15428
15512
17545
14359
16362
13789
15492
16342
13863
16027
17691
17530
16997
15718
15039
14418
18368
14868
14735
16106
18919
18067
18307
14909
17011
17508
14336
13955
19077
14170
16781
17571
19806
13932
11718
19338
15613
15230
17288
14954
17278
15549
16075
17336
17084
19361
18388
14664
20594
16920
11636
12983
19164
18176
12943
18705
18616
14995
15441
13002
15154
18213
15134
15859
16629
16884
15881
18324
12180
14763
16027
18010
16574
18943
15576
14512
16719
14036
17450
13415
14133
18617
15613
19474
16812
17332
14681
17066
17796
16803
14434
18093
14852
14530
14492
14654
15538
16968
12810
18823
16322
16949
19026
14254
15380
13858
18908
15651
13709
14316
18018
13790
16624
15131
12686
13963
16831
20475
17958
14973
17817
17931
19605
17685
16997
15693
15821
14461
12874
17270
17818
12813
19211
18070
15606
14558
16199
19009
14690
18522
15289
13881
15617
15941
17500
18054
14331
14148
15815
19525
14349
18001
16237
15167
13429
14971
14751
14494
16532
17334
15684
16326
15661
14747
14666
16876
13660
17552
14468
18340
16515
14547
16514
16767
15589
14833
13274
17419
16143
13934
15197
16363
19482
16552
15963
13067
14218
18458
15709
14360
17130
17845
16909
16578
16119
16497
16299
15178
16730
13830
21287
17394
14856
16728
16597
17229
15713
16818
16537
17763
15476
15527
14594
17332
16308
14242
16811
16973
16853
18863
13978
15732
18620
16485
16036
11258
17283
12223
16450
16226
14650
18610
15697
14372
14910
19614
16543
13886
18893
15417
20339
18352
18644
16618
16624
13901
15465
15485
16000
14846
13920
13894
15721
18563
16629
18062
15637
16686
17583
17536
14376
16628
17105
15964
14898
18354
16296
16318
14142
18060
16189
16230
14760
16886
15174
16824
16773
16822
15514
16321
13180
16965
14734
16964
14475
18564
14788
17508
19144
19094
16257
18203
12186
17738
15086
15748
15604
16281
16403
16967
18976
17458
16551
15917
16550
16054
16920
