250
0
1814
2841
951
0
692
1275
0
7752
0
815
0
0
162
0
0
2152
0
6035
2448
2386
2750
0
1426
3114
0
0
0
0
0
1745
0
0
0
0
5700
4188
4150
4285
1763
3004
0
21144
1853
1972
0
581
0
1110
1300
0
0
0
3393
2473
4891
0
4402
1754
5698
3615
226
0
2654
0
404
0
1595
1727
2540
2191
5329
0
1948
0
0
0
4899
598
0
3697
0
397
0
0
707
2365
2329
242
9661
0
7289
0
4185
339
8921
0
959
2895
0
0
0
0
967
0
2436
0
0
4079
3318
152
747
2842
1049
0
4404
2139
0
2235
2994
0
0
0
1022
0
1211
0
0
0
3018
918
2338
0
148
913
0
1074
2203
0
2358
2453
742
3326
5008
2126
1516
0
3396
1315
1868
7448
2755
0
