4666
1898
7010
5713
2128
2666
3598
3567
1852
8186
3372
6445
6520
3158
2881
2462
4575
5954
2504
6035
5030
5217
7198
8490
5052
11557
2703
5460
3923
2982
2200
4139
2521
4579
6668
2736
5700
7053
4150
4434
8021
9612
2320
21144
4980
5396
2984
2886
2787
6869
1300
3574
3347
4062
3393
3934
4891
4737
4402
5588
7853
10940
4851
5920
4753
4136
7150
9424
5587
7090
6191
3477
5329
4151
3919
4578
6819
1759
4899
3106
2880
3697
3528
10420
5656
5500
4383
4716
5861
6796
9661
2899
7289
2190
5134
4424
13492
4174
7933
5642
1243
1764
3170
6051
5670
2002
4800
318
5109
9443
5065
3302
6068
8656
10757
3980
6098
2587
2498
4151
2994
2368
2778
2211
6117
6007
4083
2354
2769
39088
6196
6107
10675
10665
4287
4250
2526
6593
6569
4106
4790
2453
7534
6583
5008
6764
5990
4862
5055
4267
4351
7448
8066
4456
