7732
12706
11929
11590
11996
13981
11811
13467
11607
12017
13203
13848
11937
11062
11056
12306
13933
11763
11058
11778
11274
10893
12840
12587
11033
10663
12312
11440
10584
9928
12049
10927
13115
15776
11932
9459
13298
12177
13637
10889
10647
11099
13846
12615
10463
10487
11953
12463
12484
10627
10174
13985
9972
13639
14312
9353
10039
12600
13711
12044
12100
11130
13876
10266
12050
15148
11847
11106
14964
9944
9792
12692
14312
11704
10252
14516
12545
12687
11439
12718
12284
11997
11880
10931
12343
10406
13647
12450
12132
10747
11776
12333
10825
11522
14456
11999
12780
13126
13106
10460
13199
10818
8487
13582
12733
13053
12069
13108
11742
10677
13967
12105
11913
10971
12247
10378
12085
10809
12472
12758
11883
11095
12232
11034
10299
12241
11288
9691
15409
12157
12285
13420
12116
13080
13042
13311
10512
13881
12116
11051
13154
10008
8138
10766
10393
11459
13190
11309
14274
10612
12066
12645
13448
11249
11524
12364
14331
13537
8989
11555
14067
8305
12502
12025
13473
13383
8882
11436
9430
11742
13036
15738
11440
11923
12347
11510
12495
11894
12186
11551
10975
12315
13358
11152
12943
13716
13219
8461
11961
11029
13323
11660
11261
14773
13732
14973
13219
12122
12241
11223
11706
8906
12005
11403
12880
11267
12134
12928
13274
14669
10523
11050
6575
12459
13410
8911
13604
12542
10824
15920
13606
14559
12763
13119
14502
12315
11084
11719
9871
10360
10047
14898
14719
12771
12418
14108
14885
13752
12125
13520
12810
9393
13035
10785
10753
13146
14266
12478
11919
10500
9378
15840
12482
12193
12511
11942
13754
11238
13392
11542
9245
11948
9689
11939
10227
12120
13719
10907
12938
13243
13245
11607
9827
9238
13528
12520
11486
9261
11816
12388
12388
11982
13316
12546
12358
12748
11629
10713
8984
10829
11932
12209
12838
10753
12927
14084
11370
12634
10438
11894
11460
13589
11460
14093
9830
11811
13121
11963
11282
13211
12626
11953
15404
13929
13089
10167
13842
16863
11211
9162
8943
9521
14681
12707
11650
10083
13464
13291
11491
10476
11506
10487
10959
13668
11850
12630
11058
12444
13784
13219
12427
11504
12174
9225
9449
14211
11398
11868
10643
14769
11468
11461
11554
11353
11089
13055
13017
8249
11133
10154
12956
10599
13661
11357
15026
11868
13227
11424
11073
12360
11595
11269
12632
12289
10439
11742
10302
10043
9591
15306
11064
11610
9418
13095
12140
10947
14382
12220
13216
12007
10078
10341
12406
12829
9858
9704
10777
12431
13249
10234
9963
13785
12172
7923
12791
10967
13612
14120
13021
12800
12022
12371
13675
14672
11875
13592
10487
11210
11355
11649
10751
10690
7996
12355
12804
11649
10446
14911
14010
12783
10800
11685
12214
12619
12595
12890
13869
11237
11982
11948
10083
11142
10783
17028
12215
8578
8832
11305
10917
10959
10770
14645
13008
11228
14005
9578
12725
9806
12325
9363
11565
10252
14269
10222
13085
13116
11142
11144
8824
12988
13292
11625
11737
10989
10706
11620
11550
12796
10903
12188
11697
11061
12730
9836
12306
9803
12858
13053
10528
9745
10662
14133
12292
14816
12291
12218
11788
9231
10071
14893
