3691
1357
10565
11997
7858
5999
5664
4416
2359
4878
2394
2224
4866
5300
2356
2062
10020
4923
4395
8493
2483
4490
5172
5306
9054
6782
2391
2245
13131
10385
10546
2388
13027
5866
8319
2328
10108
2264
7199
2432
3416
2288
9713
3638
9859
10693
7612
2957
2480
13324
2354
10946
6225
2248
5173
11161
4623
14503
5802
8677
0
3452
8526
8154
11763
4390
3769
1989
1367
6401
7021
7491
2363
4403
6821
2195
10410
10412
1688
10096
9939
3563
7759
6475
12950
7429
2501
6561
2976
1976
9323
11093
2476
8644
9711
3464
2002
11088
9442
2405
2082
8151
2332
3435
1927
4344
1739
8568
2433
2461
6815
8163
9835
3681
2220
7540
2158
4062
9287
8773
3302
4542
2959
7102
6496
11660
4523
8658
4403
3898
11054
3501
2002
3614
13270
2063
2389
1615
6417
8740
2265
13150
1676
5984
4197
2336
7328
4663
9663
5833
2422
3737
5327
2394
10580
6077
10530
4221
6583
9123
5829
7391
3083
2409
8930
2287
2750
11660
5380
11935
7645
6087
2078
2247
5014
1527
2247
8459
7330
14052
5992
8269
4933
9120
3676
9245
2797
10263
14429
2153
2432
11692
9512
11544
5861
2344
14131
8570
5920
4006
6968
2258
8284
2367
5727
5072
9939
4356
6779
6355
0
2195
10576
8246
7284
9716
6536
3019
2301
1200
5132
9840
2283
8594
7319
15009
470
2286
9784
6908
3712
4629
3953
2178
2436
10149
8488
3716
2402
13122
5488
10956
5299
2459
1859
10969
2432
1651
7388
2265
1766
1927
2238
7115
9633
10506
8989
3393
4408
2476
1913
2375
6030
2142
9098
13240
6449
1960
3841
2400
3205
2485
3660
8432
9685
4976
9003
4771
10296
775
12994
14209
7574
4303
10118
2873
2319
3289
8968
7586
6448
2356
5386
11323
9438
10219
2463
3465
5363
11425
3955
0
3006
867
3340
11875
6996
5485
4193
4515
10859
15045
7343
12491
5941
8092
2491
7718
8074
2499
3145
4050
2827
8677
3784
9995
12124
8638
3080
10192
4307
5180
4611
0
6337
7967
2715
16166
14536
5765
2360
2109
11039
2892
6137
3104
5152
4604
4961
5089
2537
7299
12350
8941
929
5575
6117
4168
2463
2305
11095
13296
8568
10457
2133
5949
12038
12548
8234
3837
7161
4391
7105
10175
10162
7031
2294
4374
9207
4410
5193
4640
5489
7935
7055
6636
2320
4118
9942
0
2958
13120
4671
6455
11534
2248
6412
7643
12417
11763
6847
2216
11192
13295
7440
3194
8253
5179
4449
10550
9917
2492
6451
6321
8039
10453
0
6875
3981
7220
2395
6478
0
1966
7337
4508
2271
7336
3865
8423
2483
6788
8626
9154
16476
5749
2111
2456
4719
5932
9828
11641
4137
8362
3349
9482
9670
11130
6962
3663
3169
4641
1531
10546
4065
6541
6662
10006
6935
11432
9241
7140
10983
6025
3580
2486
3517
3075
2317
8146
4222
3283
4672
2490
8253
3754
6508
2968
2489
4248
2442
8687
0
4376
4722
6921
7788
5596
2411
2198
12951
2310
7762
11484
11881
5094
11388
7966
1601
2112
