1129
2966
0
70
2528
1641
4054
4422
3451
744
4774
1538
5798
2114
4117
2698
0
2453
2936
2439
2098
1382
4485
3611
2773
1593
3076
1649
2353
4813
4421
5893
2277
2359
2356
1209
0
3414
2453
2001
2024
2033
3331
2467
4966
1792
3405
2320
0
2362
0
3895
4212
523
3463
2097
1933
2090
2431
4469
0
1916
1235
3061
6226
4371
2183
4158
0
3279
1719
2460
2184
0
2446
3721
5098
2267
2917
1548
3244
5633
0
1872
6606
1958
2283
161
927
4276
2949
3770
1160
1211
3748
2558
3901
1487
4088
1936
5818
3402
1289
1550
2173
3248
3340
3023
5201
1867
3209
2413
2097
2936
5403
2271
2445
0
2354
1682
4255
3363
3952
2120
3619
0
2285
2364
2290
5691
2980
3615
1063
2301
4346
1144
2117
2006
1055
5086
1535
6234
2051
0
0
4195
2298
2278
2446
2938
3714
2483
381
3621
1777
3471
3232
3406
2444
1292
1118
0
2288
2368
1609
1314
3352
4900
5957
2489
2439
3785
4517
103
4005
1948
0
2198
2348
1973
2332
3798
0
4034
2564
1999
4249
636
2577
4564
2210
2494
1937
1181
3584
1551
6201
1540
3098
1946
0
2493
2156
0
2209
2230
0
1992
994
924
1945
0
2063
2161
0
0
1742
1664
2403
2193
1183
1139
4469
1185
2002
1360
365
4730
184
3780
2593
5391
5007
5406
1827
2013
1598
2758
2332
1410
4660
3477
1462
2500
3195
3293
2143
2359
1739
2362
0
3458
1988
1545
0
1617
2536
3779
3231
2490
4644
5503
944
2298
2342
1140
1774
1855
4023
1924
5039
2052
1217
1788
3216
4054
2457
631
3524
3135
875
2326
4845
0
2394
2857
1167
3583
5250
1449
1379
4359
3531
4659
3099
1362
2079
2856
2125
0
3488
2038
1691
2432
2285
2494
2488
2966
3831
4132
3391
2161
2268
3022
2626
1101
4756
2247
1651
1790
1906
0
4267
6048
4279
1280
2427
3162
2265
3315
2411
6225
2405
701
2157
1884
1965
2463
3273
1570
1970
1421
2560
3083
2490
2324
2736
0
3575
1299
2384
5103
2008
1739
1076
4826
2203
1537
1631
3260
2184
0
348
2164
4459
1657
2016
2395
3383
1499
3491
6871
2346
2574
0
2201
2463
1622
804
2162
0
5566
2024
2882
2834
4021
2385
2604
4592
3527
1893
2744
3466
2486
0
396
2342
2536
2359
2984
1839
1994
2376
2247
1335
1800
1360
2298
2400
1575
4525
3622
3688
3829
0
4611
2173
1425
5241
6151
3951
3907
4750
2445
5897
2381
1291
0
2724
2649
3457
3641
3591
1470
1370
3904
3951
2322
0
2786
5646
2919
4419
5022
2779
2772
2383
2935
3079
2845
3003
1550
2367
5566
2264
3452
4532
1561
2300
5229
4672
2342
1256
4205
922
418
3991
3923
2135
2258
802
2623
420
2150
5942
237
0
3124
2413
2768
2216
215
3272
168
2122
2035
1652
3166
0
2490
4254
1955
2422
1234
1546
2070
4426
2145
2036
2760
