12526
9778
21596
8899
7187
13874
25473
10030
4080
21749
13736
16081
8918
7794
30294
2348
12824
22837
22389
20094
2368
13757
22213
17219
15818
27898
25841
3379
13541
2370
20448
17996
18821
19773
10815
9398
24202
16460
7444
2505
17276
8323
8763
14302
3568
9463
17316
25128
10164
20081
4313
8845
22495
8149
15108
17745
4417
18783
23836
19534
16001
23649
6168
8301
10869
10986
25267
23024
10439
2247
21692
17317
20258
16448
3119
24421
14335
4121
20791
18930
17769
2446
1988
6521
20870
20693
2415
23834
3648
17418
14532
9866
2490
3957
20594
8711
19232
17525
18787
2500
2738
5981
19679
20206
9859
15175
2294
18428
4145
21328
2235
2427
14124
7592
8452
23785
3774
2330
1829
24393
2310
16884
12192
8387
4527
13498
15341
8773
14560
4240
17679
2329
24244
7623
13734
10321
19684
16893
22620
3652
2393
4516
19193
2314
14975
11337
2497
12749
22215
7465
12134
1893
2463
19352
11430
5022
19440
4082
24576
19283
6446
21922
21679
2499
2354
11474
9179
21365
2384
11362
29222
18764
19196
3124
20377
7672
3959
1914
11466
2365
4498
16075
5227
21633
12850
23943
4665
12445
15526
13553
2111
19613
6310
10260
12564
15912
20457
6037
13830
7678
9935
4318
3976
2135
2451
19834
24445
11509
13869
19994
16171
17524
24923
12855
20452
8206
15836
6474
10394
21445
4184
23714
7964
8810
25344
3526
2173
21066
9763
17190
5738
27869
20478
16586
2434
20340
17719
15517
15795
22796
5078
602
9177
9041
9563
11200
24481
22384
4349
3968
9853
4105
19815
4954
9384
4254
18019
7578
15303
14192
2446
2165
7003
14506
4025
5753
23547
6869
14301
17128
5793
12929
1806
25057
18124
11559
24705
22623
24423
25466
16563
5831
14926
9687
22159
9852
13272
2363
9485
21411
18650
5589
24701
7785
21149
5296
17276
14821
21967
15649
23691
14580
20586
5737
17408
15612
21660
9378
10489
25801
10618
4492
13766
6212
22907
2453
1513
11891
18775
7272
21906
2457
17013
10792
17958
23731
16023
20473
10606
11823
16835
19913
2351
24755
7472
3957
14375
3964
11560
22632
18227
5082
24232
4984
15999
6989
15715
14925
17384
10482
2409
4012
13673
20296
6808
9074
18533
2466
16503
18009
17931
20611
21194
14282
9535
20744
14388
16192
19446
2290
17593
2798
2492
11540
15382
15261
27996
3917
16081
2159
7473
19898
4073
21347
19372
2206
25144
11218
2451
26732
10619
28716
3663
20714
22194
26788
22166
13108
15866
19781
23396
3803
6478
32829
14942
10288
20323
5958
20300
20042
7511
14045
4592
18793
18099
10136
19183
20096
9701
25876
6302
10294
6105
18306
12130
2553
9432
11124
17493
20854
2292
25868
9368
11567
10939
11139
8018
10209
21500
14744
12966
16159
24123
8860
7536
19784
15512
16650
16975
12909
6292
5160
13012
8480
22514
17017
2151
3131
23998
8958
20636
21993
27036
16637
6396
8858
20945
16756
25159
4914
12489
13377
9514
6813
10390
13385
11
20013
18007
26879
13412
15100
2449
22109
27300
16646
4438
9215
5991
3726
13666
21548
8288
0
5830
2264
2462
21657
24933
10721
