5496
7249
7733
7342
7343
8895
7398
7182
7791
6640
9394
8347
6551
7036
8127
9125
8408
9563
8194
8564
8647
8302
8044
9847
8437
8668
8275
7736
6795
8390
5846
6963
6924
9756
9058
6326
8325
7454
8555
5828
7661
7737
7670
7927
6606
6679
8893
7629
9886
8178
6021
5280
9878
7882
9264
8749
9436
7311
7557
5409
8171
9311
8094
9424
7469
7573
7890
7763
5534
10291
7031
8016
4356
7401
5142
8710
5473
8396
7527
8777
4917
5581
8120
7247
5134
8956
7813
9251
9537
6335
8811
7957
7239
8603
7124
9655
8505
7538
7082
9916
8799
7219
6831
7572
8203
9244
8528
8198
6223
7351
10140
8023
8909
7389
8576
9397
6210
8866
6267
9459
5559
7142
8481
8168
7371
9261
6363
6877
7786
6744
6071
7886
8488
8357
6684
6761
5514
10387
8866
8025
8218
8905
8881
7134
4425
8630
7774
6935
6470
4393
8525
8463
9499
6538
7452
8539
9082
8317
5711
9879
8751
9132
7054
8354
8280
7363
8425
7525
7156
8091
6750
8578
7390
8417
7994
7884
5868
7904
6705
8471
8423
6059
7495
7098
5870
7540
8802
8741
7461
6949
7585
8863
9179
6611
9621
9023
7708
10029
6010
8390
7850
7191
8094
6879
7710
7219
6980
5791
7205
7236
6114
7277
8139
6932
7034
7314
8942
6277
9156
7594
6450
9159
8048
8692
7727
8625
4659
8044
9624
7586
6001
9190
5919
9623
6759
6990
7617
9758
7505
6900
8770
5153
6203
6236
6994
5952
7714
6196
8443
10119
8192
7763
9722
7005
8109
8417
7784
6871
7382
9356
7165
7661
7474
6313
9872
9963
6607
9237
8391
7176
9110
9944
5929
7067
8989
6899
8202
7764
6959
7086
7095
8284
8484
9119
8706
9319
6336
8348
9200
6736
6655
6311
6188
5811
9004
7968
4981
8951
7866
8226
7161
7313
6811
8982
10159
8153
3276
8646
4921
6299
7977
7687
10395
5574
6957
9026
7078
7328
8642
11044
8017
6735
11777
5454
8322
8028
8085
8429
5501
6955
8024
6996
7326
7501
4747
7804
8813
8205
10499
7569
8658
7095
8229
7779
8871
8080
6578
9371
7700
7908
7266
5586
8236
6681
8866
6502
9757
8715
8429
8275
8122
6911
6466
8910
6665
10748
9849
7479
8695
6470
9762
5777
7984
9202
6260
5980
10076
7378
6583
7371
7210
7337
6981
7881
6494
6983
7676
8890
7217
7594
8147
8467
8348
6666
5434
8104
6927
4114
6305
9266
8065
8761
6104
7380
8794
6309
8266
9868
7285
8055
9633
9415
8183
5959
10203
7083
6445
7054
6893
4873
6184
7968
7109
8531
6196
8674
8606
6242
10540
6969
10350
5740
9083
7168
6245
9766
6613
7230
7353
7805
7188
9884
7569
5920
8272
7690
8517
8898
6312
8858
8136
6516
9061
6424
8725
11046
8292
9432
7195
6243
9250
11186
8885
6328
5261
5026
7151
4872
9329
11578
7998
6610
7236
7005
7195
8931
8654
6206
8413
8667
7820
8054
5635
7894
5753
8899
6442
6873
8098
7102
10121
8062
8243
9532
6077
8985
6937
9725
6803
5639
