14087
18061
17100
18768
17440
17561
17777
21061
18039
18190
16539
20244
19432
18308
17466
18729
16267
16975
17530
16025
18458
18338
19141
21896
15362
20361
19232
17700
16836
18731
19190
15876
15905
21741
16383
16179
16075
21145
16726
17635
19223
18780
17726
18180
18515
21633
14814
20928
16378
17359
19565
14950
19620
18961
17114
19180
19280
19515
16931
18439
18404
18098
14141
19267
17322
18473
20249
19611
16652
17849
16658
16408
17782
19752
17141
17905
19652
19190
18720
16196
15398
17172
17387
19953
17058
17396
14869
18087
13625
21458
19421
19840
17527
20999
18882
18545
17624
18282
16380
14559
16794
18140
17699
18242
17717
16964
18890
15976
18301
17707
18736
18624
15865
18638
18451
16071
15279
20881
17608
19736
18729
17838
17604
19194
18325
15848
20303
18012
19046
22123
13320
18336
19963
17632
19798
20367
19867
17722
14766
17595
16658
17368
18104
18471
18873
21784
14040
14346
18768
17340
19681
19273
20823
21457
19367
19997
19486
16361
14809
14231
18807
20385
20570
19040
20957
19842
19686
18690
18124
18394
19781
20621
17786
18469
19332
20124
17596
17831
20572
17062
19738
15383
16764
17054
16676
20239
16883
18230
17363
15982
16302
17225
15817
16117
18737
17818
20483
16514
19314
16620
14898
15925
17988
18964
17483
19861
17177
16503
17775
18391
17747
17665
18934
19194
16530
18360
19783
22030
18957
17731
22823
15961
15973
15956
21770
18298
16123
19286
18163
15156
13077
18434
18287
18036
18538
19523
17657
17681
16479
15731
20792
16635
18661
17632
15060
20391
16722
18225
14776
15434
18566
17396
20978
19826
19276
16429
15616
20389
17613
17393
17781
14897
14297
17781
18820
16171
18461
17284
18812
20265
17409
17436
14985
19366
15152
12990
18362
17475
14428
19324
14585
18296
18789
21130
17607
19873
17188
20738
19542
19458
16034
17269
17392
14523
17238
19455
15112
21774
20953
15460
16233
22195
18659
20037
16422
15143
18086
15467
21581
18689
11465
17967
20402
17366
19409
16787
18512
17070
12862
14781
18879
19193
14605
17854
17394
17641
16556
16364
17896
15342
19156
18565
18023
18331
17731
18484
17543
16522
18714
18653
13127
17236
18663
21352
17081
15782
15030
21051
15814
17724
19398
17654
19232
18864
18498
16839
16560
19376
19696
20974
18355
17993
19432
16888
17558
20460
18681
18797
19503
16618
15206
18710
16514
17045
17839
19470
19225
17412
16979
20245
16518
16006
15598
16397
15731
19414
16250
19898
17454
15986
18777
19479
15874
18638
18832
19128
20186
21992
20086
17998
17067
16206
18383
18087
13322
17417
18273
17611
19103
20484
17032
18110
21456
15457
18758
18956
18787
17507
19222
18570
18497
15917
19951
15194
17794
19217
18899
17649
19672
16968
17749
16087
17152
17446
13543
19873
18676
19404
18408
19716
21227
17781
18534
14445
19950
18637
17189
19026
17089
18871
19436
19287
19349
18719
19679
18952
17951
16493
15952
15101
16533
17030
20342
19851
16313
13452
18562
17493
16332
14073
19143
20365
17917
19188
19858
16430
22100
18450
18768
17211
21068
20214
19269
18775
20074
18629
20143
20170
18745
18995
16847
20794
21105
17057
18014
15632
19951
18233
18759
16447
