7402
9555
5331
2492
17072
2331
17940
18860
19936
18198
2858
6875
13138
11951
633
6142
2239
6733
18478
15671
18689
5325
12177
8495
8657
12794
2739
13948
14033
13583
10653
2439
0
7387
6819
3355
11103
2364
8824
12995
14358
5806
16423
7037
6925
12725
18841
2841
13067
3072
14801
9052
9263
6177
13059
6278
6922
1926
2000
5943
13449
21688
5404
9408
7546
2122
6351
5006
3858
12038
6570
13647
6985
4351
4520
16340
2264
16715
15607
6421
14134
18908
13910
9892
2387
2465
3410
14268
14335
2485
5108
12432
3680
9286
13252
8882
3665
2838
20414
12710
14850
24127
5363
10958
4541
5358
2390
22042
4015
7739
15171
12828
13004
21987
18729
7943
4705
14543
4812
10638
18479
0
2490
13302
12112
6206
15000
10194
7730
14864
2277
9096
12867
2256
6912
14247
1926
16317
8210
2332
7032
7910
1554
8745
8621
14956
12100
17777
5147
10846
1427
5428
11422
4479
1994
12801
14243
2608
2442
12430
11050
9637
4278
7752
13330
3555
13458
1651
12522
4724
2419
15553
16066
13955
11727
13669
3243
13495
2487
9960
5910
6484
2448
10800
5783
8893
2497
17113
19093
15133
8927
3333
13728
15208
13781
9520
2393
2356
13097
18844
2458
3716
15218
12911
10617
14613
7662
9938
3267
2412
6203
5743
6587
17285
11521
12163
7060
3004
14188
12515
18059
15048
4462
2393
17240
10892
13511
2866
13446
2326
7100
13603
8115
8144
9043
16132
2106
15415
507
6505
2394
1630
5395
3995
11584
21786
8237
14332
11150
17456
16040
7756
7375
5687
11534
16640
8617
19298
6423
2492
18418
1905
8318
2358
5648
17768
4887
3351
10633
19454
13466
14983
18201
2360
6781
21069
11473
12404
4942
20351
13734
10622
5040
5045
2395
17304
11571
16710
11964
13774
1894
8459
17989
15039
20964
3790
3304
15582
15663
3233
5781
2491
0
6100
18449
19353
1702
19712
11067
6817
15893
9067
3802
13150
6483
2359
4909
14529
2611
4741
7326
17848
7538
6881
5335
15686
12645
16213
10216
2482
9280
7424
15856
7404
19210
6718
12452
13078
9350
2472
2165
10548
16612
14980
5014
7816
11123
11011
6171
17483
10747
12671
14626
10562
6958
19220
2015
6035
14940
17713
13407
11878
18835
2448
18511
10340
2198
7980
19869
5343
2430
6134
2406
6477
13071
14771
2266
8579
22776
8829
7047
9857
15286
10910
2339
6480
17150
2414
9970
7393
2355
14369
16843
8231
9353
6697
2750
2482
9466
7243
9620
17383
2427
2467
7157
11612
14691
7744
5457
21452
2412
18974
21662
8943
10019
15519
6470
8367
5452
10423
15626
3771
3216
16711
5917
6725
14486
2445
6699
8421
15638
8166
2028
15589
2846
4339
16176
13156
9251
6313
12226
9396
16871
4091
12942
1979
2500
10602
2481
19990
12424
3089
15110
3114
2656
11641
21352
7183
7380
12631
2475
20498
1802
19468
7031
2125
1274
1846
2883
7860
10974
17441
4719
15827
10499
12581
5978
2458
11026
12188
2246
6383
7138
6850
9748
1396
15546
5179
1148
9993
10039
2499
11589
2873
19692
9440
18358
4020
12349
21213
