2743
3266
4851
5890
3759
3844
4951
6504
6561
3773
2250
4877
30316
8596
4349
7161
2877
5065
9086
4691
2802
5982
4957
8052
7933
6835
5256
5333
3316
2997
6626
4500
3408
4694
11415
34848
3436
4326
4528
6363
3702
7389
5812
2560
5280
21241
8145
6133
8878
6738
9098
7983
7399
3932
3105
3600
3343
3652
5536
4920
6391
3193
4098
6048
6152
6401
5566
75019
5386
6079
2979
7913
1684
6540
5814
6696
4229
5556
8211
4865
6501
7063
3786
3245
2402
1913
5951
7434
4770
5232
7792
7097
7227
6482
1484
10195
4002
3017
6747
1213
6229
2014
2330
4378
5753
4085
3921
4568
6969
11600
10578
11897
8476
4670
9698
4721
3628
4583
5478
2067
25862
4520
3791
8013
8305
5949
3424
5063
4895
6729
5481
6637
5248
4814
1770
8117
5485
6169
5655
6580
8242
1843
7018
10288
5766
2560
2738
4412
6214
2528
7287
1522
1780
13473
2903
1136
2976
4512
4686
6743
7705
6404
4682
3635
4878
5984
5255
6041
12647
2702
1367
6610
5352
4481
5276
7576
1078
12506
7339
5275
5004
6914
4166
2311
3945
4147
1411
7976
1702
4964
7489
3247
3836
4772
6350
6962
4780
6731
4687
4382
2097
10270
3302
2829
3311
7761
2165
5063
5663
3449
4923
4820
3405
5300
243425
4035
2822
6171
7554
5707
3070
4490
7391
3352
2256
2240
5624
2605
5623
1412
6385
4089
6847
6861
5840
5559
10439
2226
3511
3659
4219
7416
5791
6844
5254
5003
10029
3710
4776
4180
3407
4461
3986
3276
5061
3267
9254
7587
5109
3926
5896
4336
1319
4690
6355
8213
3886
5320
2345
6538
813
3796
8552
5901
3260
4671
1525
5768
4661
4711
7625
5438
2545
5672
5746
15275
2418
2220
4774
10220
7323
4164
2554
3435
4761
155890
