1463
2460
1567
2709
3244
1078
3140
1622
2050
1802
1859
1759
3968
2357
2361
2834
3705
4036
4313
2389
2294
3078
3536
3647
2276
3813
3154
2285
2041
2719
2386
2039
3348
2644
2423
3536
2138
3026
2287
2669
2888
3149
1541
3311
3674
1982
2648
2041
3139
2223
3281
2323
3833
3388
2110
3713
2477
3711
2300
1437
2373
2370
2708
2476
2942
2564
1046
1544
1669
2457
2025
2101
3617
2695
3928
1609
3048
1981
2219
3407
2052
1832
2262
2227
4056
2344
2877
2759
2376
2348
2688
1165
2445
3479
3001
2657
2417
1991
3424
2453
4144
2523
3764
3304
3096
2953
2234
2308
4424
3063
2402
1429
2411
1758
3053
2083
4084
2270
1570
3404
3565
2406
3230
2308
3916
1588
2200
1176
3311
2583
2333
1558
2399
3618
1984
4331
2994
2986
2192
2898
3087
1265
3027
1643
3420
1879
3874
2397
1974
1583
2674
2204
3609
2580
1806
2349
2304
3484
1231
2288
1310
2164
3259
2633
1718
4114
2795
2096
1944
3272
4396
1717
3175
4011
2426
4009
1796
2315
2348
3301
3370
2431
1616
2480
2459
2272
2332
2373
1968
2092
2257
2452
3323
3625
2291
2527
2523
3354
2181
3728
2348
2924
3127
3899
1757
3275
2436
2125
3696
4723
2450
2940
2045
2596
2650
1950
2018
2906
4423
3522
2895
2158
2249
2659
2710
1035
1670
3941
2306
4145
2337
2638
3316
4086
2218
2989
3558
3660
1351
3066
2382
2529
3651
3960
1888
2464
2446
2875
2166
2428
1969
2481
2175
2887
2485
2923
602
3542
4120
3309
2005
2318
3913
3116
2683
2402
2446
2452
2466
3428
2309
3244
4748
2746
2788
3289
3104
1408
4338
3557
3287
2676
2657
2815
3198
2450
1684
2948
1955
2049
3270
2933
1877
2441
3932
1274
2967
2356
1916
1909
1721
2596
3235
3669
2228
2665
1800
4636
3427
2360
2849
3916
3395
3323
3158
1072
3502
1838
2203
2762
2372
2363
2842
2005
2139
2348
2690
3366
2222
1879
2070
3924
2051
2049
2407
2956
4523
2560
1183
1145
2781
3200
2209
2998
2695
4907
2539
3507
1884
1990
2583
3156
2733
3883
2560
3906
1786
1693
3593
2452
2802
3395
3229
2218
2190
1863
3306
3537
3440
862
3584
2311
3200
2843
2803
1144
3719
3041
3853
2568
2648
2576
2283
2195
2681
2775
3238
2915
2768
3976
2239
1887
2909
2413
2149
2406
2977
1741
1845
1524
2950
2651
2266
1815
2971
1657
1849
2683
912
2073
3190
2407
3089
2482
2074
3874
2429
2139
2322
3352
3558
2124
2148
3029
1187
3190
2536
2148
2786
3438
2512
2513
3033
3075
2228
4434
2242
2362
2500
1530
3177
3057
2080
3766
3142
2373
2138
535
3089
2651
4256
2633
2292
3980
2039
2239
1877
1062
3980
1355
3527
2078
2222
2145
3962
2714
2121
3923
2798
2315
2805
3423
1773
2598
2318
3087
3529
1743
1489
2818
3125
3715
3576
3986
2643
1856
2199
4110
2343
3446
1345
1956
1467
3577
2615
3021
2285
2660
1955
3377
